id,label,host,transport,started_utc,ended_utc,elapsed_seconds,returncode,script_file,stdout_file,stderr_file
20260907T232911.718985Z-c-ddf514,privileged-preflight,c,lan,2026-09-07T23:29:11.720938+00:00,2026-09-07T23:29:14.812278+00:00,3.0904396999994788,0,20260907T232911.sh,20260907T232911.stdout.txt,20260907T232911.stderr.txt
20260907T232911.718985Z-b-59ecef,privileged-preflight,b,lan,2026-09-07T23:29:11.719962+00:00,2026-09-07T23:29:14.903900+00:00,3.182898799999748,0,20260907T232911.sh,20260907T232911.stdout.txt,20260907T232911.stderr.txt
20260907T232911.718009Z-a-232bff,privileged-preflight,a,lan,2026-09-07T23:29:11.718985+00:00,2026-09-07T23:29:16.073317+00:00,4.352552599999399,0,20260907T232911.sh,20260907T232911.stdout.txt,20260907T232911.stderr.txt
20260907T233012.549045Z-a-b95528,install-base-packages,a,lan,2026-09-07T23:30:12.550021+00:00,2026-09-07T23:30:30.324523+00:00,17.773634400000446,0,20260907T233012.sh,20260907T233012.stdout.txt,20260907T233012.stderr.txt
20260907T233012.550021Z-c-2ef2cb,install-base-packages,c,lan,2026-09-07T23:30:12.550021+00:00,2026-09-07T23:30:31.289803+00:00,18.738373300000603,0,20260907T233012.sh,20260907T233012.stdout.txt,20260907T233012.stderr.txt
20260907T233012.549045Z-b-03b6f1,install-base-packages,b,lan,2026-09-07T23:30:12.550021+00:00,2026-09-07T23:30:31.376516+00:00,18.82556409999961,0,20260907T233012.sh,20260907T233012.stdout.txt,20260907T233012.stderr.txt
20260907T233056-687606Z-b-216ae4,privileged-preflight-recorded,b,lan,2026-09-07T23:30:56.689591+00:00,2026-09-07T23:30:58.415623+00:00,1.7261028999982955,0,20260907T233056-687606Z-b-216ae4.sh,20260907T233056-687606Z-b-216ae4.stdout.txt,20260907T233056-687606Z-b-216ae4.stderr.txt
20260907T233056-688609Z-c-c3d175,privileged-preflight-recorded,c,lan,2026-09-07T23:30:56.689591+00:00,2026-09-07T23:30:58.438869+00:00,1.7482036000001244,0,20260907T233056-688609Z-c-c3d175.sh,20260907T233056-688609Z-c-c3d175.stdout.txt,20260907T233056-688609Z-c-c3d175.stderr.txt
20260907T233056-687606Z-a-50e57f,privileged-preflight-recorded,a,lan,2026-09-07T23:30:56.688609+00:00,2026-09-07T23:30:58.464823+00:00,1.7756024999998772,0,20260907T233056-687606Z-a-50e57f.sh,20260907T233056-687606Z-a-50e57f.stdout.txt,20260907T233056-687606Z-a-50e57f.stderr.txt
20260907T233058-958648Z-a-b9eac5,configure-mesh,a,lan,2026-09-07T23:30:58.959629+00:00,2026-09-07T23:30:59.957728+00:00,0.9972622000004776,0,20260907T233058-958648Z-a-b9eac5.sh,20260907T233058-958648Z-a-b9eac5.stdout.txt,20260907T233058-958648Z-a-b9eac5.stderr.txt
20260907T233058-958648Z-b-d6cfd4,configure-mesh,b,lan,2026-09-07T23:30:58.959629+00:00,2026-09-07T23:30:59.994001+00:00,1.0332182000001922,0,20260907T233058-958648Z-b-d6cfd4.sh,20260907T233058-958648Z-b-d6cfd4.stdout.txt,20260907T233058-958648Z-b-d6cfd4.stderr.txt
20260907T233058-959629Z-c-44d877,configure-mesh,c,lan,2026-09-07T23:30:58.959629+00:00,2026-09-07T23:30:59.994978+00:00,1.0340662999988126,0,20260907T233058-959629Z-c-44d877.sh,20260907T233058-959629Z-c-44d877.stdout.txt,20260907T233058-959629Z-c-44d877.stderr.txt
20260907T233159-307960Z-a-3de106,mesh-connectivity,a,lan,2026-09-07T23:31:59.308936+00:00,2026-09-07T23:32:05.697975+00:00,6.388127800000802,1,20260907T233159-307960Z-a-3de106.sh,20260907T233159-307960Z-a-3de106.stdout.txt,20260907T233159-307960Z-a-3de106.stderr.txt
20260907T233159-308936Z-c-369e61,mesh-connectivity,c,lan,2026-09-07T23:31:59.309912+00:00,2026-09-07T23:32:05.704845+00:00,6.394178900000043,1,20260907T233159-308936Z-c-369e61.sh,20260907T233159-308936Z-c-369e61.stdout.txt,20260907T233159-308936Z-c-369e61.stderr.txt
20260907T233159-308936Z-b-eb3f2a,mesh-connectivity,b,lan,2026-09-07T23:31:59.309912+00:00,2026-09-07T23:32:05.753880+00:00,6.443874299999152,1,20260907T233159-308936Z-b-eb3f2a.sh,20260907T233159-308936Z-b-eb3f2a.stdout.txt,20260907T233159-308936Z-b-eb3f2a.stderr.txt
20260907T233206-200989Z-c-538852,install-verified-binaries,c,lan,2026-09-07T23:32:06.202948+00:00,2026-09-07T23:32:09.538229+00:00,3.334767999998803,0,20260907T233206-200989Z-c-538852.sh,20260907T233206-200989Z-c-538852.stdout.txt,20260907T233206-200989Z-c-538852.stderr.txt
20260907T233206-199986Z-b-ee08c4,install-verified-binaries,b,lan,2026-09-07T23:32:06.201969+00:00,2026-09-07T23:32:09.595075+00:00,3.39205629999924,0,20260907T233206-199986Z-b-ee08c4.sh,20260907T233206-199986Z-b-ee08c4.stdout.txt,20260907T233206-199986Z-b-ee08c4.stderr.txt
20260907T233206-199986Z-a-260696,install-verified-binaries,a,lan,2026-09-07T23:32:06.200989+00:00,2026-09-07T23:32:24.876719+00:00,18.673354300000938,0,20260907T233206-199986Z-a-260696.sh,20260907T233206-199986Z-a-260696.stdout.txt,20260907T233206-199986Z-a-260696.stderr.txt
20260907T233335-118165Z-c-899626,gateway-jump-mesh-check,c,mesh,2026-09-07T23:33:35.119141+00:00,2026-09-07T23:33:41.678064+00:00,6.558247599999959,0,20260907T233335-118165Z-c-899626.sh,20260907T233335-118165Z-c-899626.stdout.txt,20260907T233335-118165Z-c-899626.stderr.txt
20260907T233335-118165Z-b-d4ac18,gateway-jump-mesh-check,b,mesh,2026-09-07T23:33:35.119141+00:00,2026-09-07T23:33:41.693251+00:00,6.573481800000081,0,20260907T233335-118165Z-b-d4ac18.sh,20260907T233335-118165Z-b-d4ac18.stdout.txt,20260907T233335-118165Z-b-d4ac18.stderr.txt
20260907T233335-117187Z-a-367a44,gateway-jump-mesh-check,a,mesh,2026-09-07T23:33:35.118165+00:00,2026-09-07T23:33:44.191443+00:00,9.072096500000043,0,20260907T233335-117187Z-a-367a44.sh,20260907T233335-117187Z-a-367a44.stdout.txt,20260907T233335-117187Z-a-367a44.stderr.txt
20260907T233344-649387Z-a-c68c22,configure-time,a,lan,2026-09-07T23:33:44.651337+00:00,2026-09-07T23:33:51.327864+00:00,6.675856300000305,0,20260907T233344-649387Z-a-c68c22.sh,20260907T233344-649387Z-a-c68c22.stdout.txt,20260907T233344-649387Z-a-c68c22.stderr.txt
20260907T233344-650362Z-b-e84e33,configure-time,b,lan,2026-09-07T23:33:44.651337+00:00,2026-09-07T23:33:57.348732+00:00,12.696150400000988,0,20260907T233344-650362Z-b-e84e33.sh,20260907T233344-650362Z-b-e84e33.stdout.txt,20260907T233344-650362Z-b-e84e33.stderr.txt
20260907T233344-650362Z-c-6641d7,configure-time,c,lan,2026-09-07T23:33:44.651337+00:00,2026-09-07T23:33:57.361958+00:00,12.709881999999197,0,20260907T233344-650362Z-c-6641d7.sh,20260907T233344-650362Z-c-6641d7.stdout.txt,20260907T233344-650362Z-c-6641d7.stderr.txt
20260907T233417-093321Z-a-d113c5,configure-bitcoin,a,lan,2026-09-07T23:34:17.094296+00:00,2026-09-07T23:34:21.784354+00:00,4.689533700000538,0,20260907T233417-093321Z-a-d113c5.sh,20260907T233417-093321Z-a-d113c5.stdout.txt,20260907T233417-093321Z-a-d113c5.stderr.txt
20260907T233422-239572Z-a-f05059,configure-lnd,a,lan,2026-09-07T23:34:22.240549+00:00,2026-09-07T23:34:28.522941+00:00,6.281844999999521,0,20260907T233422-239572Z-a-f05059.sh,20260907T233422-239572Z-a-f05059.stdout.txt,20260907T233422-239572Z-a-f05059.stderr.txt
20260907T233422-239572Z-c-9fc557,configure-lnd,c,lan,2026-09-07T23:34:22.240549+00:00,2026-09-07T23:34:28.580762+00:00,6.33865809999952,0,20260907T233422-239572Z-c-9fc557.sh,20260907T233422-239572Z-c-9fc557.stdout.txt,20260907T233422-239572Z-c-9fc557.stderr.txt
20260907T233422-239572Z-b-25ab16,configure-lnd,b,lan,2026-09-07T23:34:22.240549+00:00,2026-09-07T23:34:28.608753+00:00,6.3670664000001125,0,20260907T233422-239572Z-b-25ab16.sh,20260907T233422-239572Z-b-25ab16.stdout.txt,20260907T233422-239572Z-b-25ab16.stderr.txt
20260907T233533-556788Z-a-7d1891,gateway-forwarding-disabled,a,lan,2026-09-07T23:35:33.558293+00:00,2026-09-07T23:35:36.526215+00:00,2.9673215999991953,0,20260907T233533-556788Z-a-7d1891.sh,20260907T233533-556788Z-a-7d1891.stdout.txt,20260907T233533-556788Z-a-7d1891.stderr.txt
20260907T233536-985179Z-b-7fb459,isolate-leaves,b,mesh,2026-09-07T23:35:36.986154+00:00,2026-09-07T23:35:38.615979+00:00,1.6294144000003143,0,20260907T233536-985179Z-b-7fb459.sh,20260907T233536-985179Z-b-7fb459.stdout.txt,20260907T233536-985179Z-b-7fb459.stderr.txt
20260907T233536-985179Z-c-4a924c,isolate-leaves,c,mesh,2026-09-07T23:35:36.986154+00:00,2026-09-07T23:35:38.629241+00:00,1.6424962999990385,0,20260907T233536-985179Z-c-4a924c.sh,20260907T233536-985179Z-c-4a924c.stdout.txt,20260907T233536-985179Z-c-4a924c.stderr.txt
20260907T233539-090211Z-c-03497f,verify-offline-before-funding,c,mesh,2026-09-07T23:35:39.090211+00:00,2026-09-07T23:35:42.834289+00:00,3.7427576999998564,0,20260907T233539-090211Z-c-03497f.sh,20260907T233539-090211Z-c-03497f.stdout.txt,20260907T233539-090211Z-c-03497f.stderr.txt
20260907T233539-089236Z-b-01f1a6,verify-offline-before-funding,b,mesh,2026-09-07T23:35:39.090211+00:00,2026-09-07T23:35:42.840684+00:00,3.749283600000126,0,20260907T233539-089236Z-b-01f1a6.sh,20260907T233539-089236Z-b-01f1a6.stdout.txt,20260907T233539-089236Z-b-01f1a6.stderr.txt
20260907T233718-902909Z-a-c9a641,install-measurement-helper,a,mesh,2026-09-07T23:37:18.903880+00:00,2026-09-07T23:37:21.860676+00:00,2.956916499999352,0,20260907T233718-902909Z-a-c9a641.sh,20260907T233718-902909Z-a-c9a641.stdout.txt,20260907T233718-902909Z-a-c9a641.stderr.txt
20260907T233721-862666Z-b-ba758e,install-measurement-helper,b,mesh,2026-09-07T23:37:21.862666+00:00,2026-09-07T23:37:22.338761+00:00,0.47535339999922144,0,20260907T233721-862666Z-b-ba758e.sh,20260907T233721-862666Z-b-ba758e.stdout.txt,20260907T233721-862666Z-b-ba758e.stderr.txt
20260907T233722-340713Z-c-1b09a6,install-measurement-helper,c,mesh,2026-09-07T23:37:22.341722+00:00,2026-09-07T23:37:22.799706+00:00,0.4577970999998797,0,20260907T233722-340713Z-c-1b09a6.sh,20260907T233722-340713Z-c-1b09a6.stdout.txt,20260907T233722-340713Z-c-1b09a6.stderr.txt
20260907T233722-800678Z-a-dff04b,identify-regtest,a,mesh,2026-09-07T23:37:22.801684+00:00,2026-09-07T23:37:23.108783+00:00,0.30711650000012014,0,20260907T233722-800678Z-a-dff04b.sh,20260907T233722-800678Z-a-dff04b.stdout.txt,20260907T233722-800678Z-a-dff04b.stderr.txt
20260907T233723-110734Z-b-494278,identify-regtest,b,mesh,2026-09-07T23:37:23.110734+00:00,2026-09-07T23:37:23.550565+00:00,0.43963739999890095,0,20260907T233723-110734Z-b-494278.sh,20260907T233723-110734Z-b-494278.stdout.txt,20260907T233723-110734Z-b-494278.stderr.txt
20260907T233723-554029Z-c-ea0b06,identify-regtest,c,mesh,2026-09-07T23:37:23.554029+00:00,2026-09-07T23:37:24.052903+00:00,0.49830540000039036,0,20260907T233723-554029Z-c-ea0b06.sh,20260907T233723-554029Z-c-ea0b06.stdout.txt,20260907T233723-554029Z-c-ea0b06.stderr.txt
20260907T233724-054855Z-a-c32828,getblockchaininfo,a,mesh,2026-09-07T23:37:24.054855+00:00,2026-09-07T23:37:24.327931+00:00,0.27300820000164094,0,20260907T233724-054855Z-a-c32828.sh,20260907T233724-054855Z-a-c32828.stdout.txt,20260907T233724-054855Z-a-c32828.stderr.txt
20260907T233724-329885Z-a-b018d4,getblockcount,a,mesh,2026-09-07T23:37:24.330859+00:00,2026-09-07T23:37:24.592173+00:00,0.2607752999992954,0,20260907T233724-329885Z-a-b018d4.sh,20260907T233724-329885Z-a-b018d4.stdout.txt,20260907T233724-329885Z-a-b018d4.stderr.txt
20260907T233724-593157Z-a-b4e8f4,walletbalance,a,mesh,2026-09-07T23:37:24.594140+00:00,2026-09-07T23:37:25.998802+00:00,1.4047232000011718,0,20260907T233724-593157Z-a-b4e8f4.sh,20260907T233724-593157Z-a-b4e8f4.stdout.txt,20260907T233724-593157Z-a-b4e8f4.stderr.txt
20260907T233726-000757Z-a-8bfaa3,channelbalance,a,mesh,2026-09-07T23:37:26.000757+00:00,2026-09-07T23:37:26.303756+00:00,0.30207749999863154,0,20260907T233726-000757Z-a-8bfaa3.sh,20260907T233726-000757Z-a-8bfaa3.stdout.txt,20260907T233726-000757Z-a-8bfaa3.stderr.txt
20260907T233726-305707Z-a-0de269,listchannels,a,mesh,2026-09-07T23:37:26.305707+00:00,2026-09-07T23:37:26.603768+00:00,0.2979181000009703,0,20260907T233726-305707Z-a-0de269.sh,20260907T233726-305707Z-a-0de269.stdout.txt,20260907T233726-305707Z-a-0de269.stderr.txt
20260907T233726-605723Z-a-64745a,pendingchannels,a,mesh,2026-09-07T23:37:26.606697+00:00,2026-09-07T23:37:26.923972+00:00,0.31737990000146965,0,20260907T233726-605723Z-a-64745a.sh,20260907T233726-605723Z-a-64745a.stdout.txt,20260907T233726-605723Z-a-64745a.stderr.txt
20260907T233726-924946Z-a-7588ff,getinfo,a,mesh,2026-09-07T23:37:26.925922+00:00,2026-09-07T23:37:27.218077+00:00,0.2913623999993433,0,20260907T233726-924946Z-a-7588ff.sh,20260907T233726-924946Z-a-7588ff.stdout.txt,20260907T233726-924946Z-a-7588ff.stderr.txt
20260907T233727-219055Z-b-9269ec,walletbalance,b,mesh,2026-09-07T23:37:27.220030+00:00,2026-09-07T23:37:27.776863+00:00,0.556764099999782,0,20260907T233727-219055Z-b-9269ec.sh,20260907T233727-219055Z-b-9269ec.stdout.txt,20260907T233727-219055Z-b-9269ec.stderr.txt
20260907T233727-778814Z-b-3d52cb,channelbalance,b,mesh,2026-09-07T23:37:27.778814+00:00,2026-09-07T23:37:28.290756+00:00,0.5111190999996325,0,20260907T233727-778814Z-b-3d52cb.sh,20260907T233727-778814Z-b-3d52cb.stdout.txt,20260907T233727-778814Z-b-3d52cb.stderr.txt
20260907T233729-214951Z-b-286d81,cli-capabilities,b,mesh,2026-09-07T23:37:29.215928+00:00,2026-09-07T23:37:29.743181+00:00,0.5266482999995787,0,20260907T233729-214951Z-b-286d81.sh,20260907T233729-214951Z-b-286d81.stdout.txt,20260907T233729-214951Z-b-286d81.stderr.txt
20260907T233728-292259Z-b-13769b,listchannels,b,mesh,2026-09-07T23:37:28.292259+00:00,2026-09-07T23:37:31.450745+00:00,3.1575995000002877,0,20260907T233728-292259Z-b-13769b.sh,20260907T233728-292259Z-b-13769b.stdout.txt,20260907T233728-292259Z-b-13769b.stderr.txt
20260907T233731-450745Z-b-7e058a,pendingchannels,b,mesh,2026-09-07T23:37:31.452249+00:00,2026-09-07T23:37:31.937056+00:00,0.4845384999989619,0,20260907T233731-450745Z-b-7e058a.sh,20260907T233731-450745Z-b-7e058a.stdout.txt,20260907T233731-450745Z-b-7e058a.stderr.txt
20260907T233731-938032Z-b-fbd71c,getinfo,b,mesh,2026-09-07T23:37:31.939006+00:00,2026-09-07T23:37:32.445162+00:00,0.5054677999996784,0,20260907T233731-938032Z-b-fbd71c.sh,20260907T233731-938032Z-b-fbd71c.stdout.txt,20260907T233731-938032Z-b-fbd71c.stderr.txt
20260907T233732-446138Z-c-9321c6,walletbalance,c,mesh,2026-09-07T23:37:32.447116+00:00,2026-09-07T23:37:32.970157+00:00,0.5231769999991229,0,20260907T233732-446138Z-c-9321c6.sh,20260907T233732-446138Z-c-9321c6.stdout.txt,20260907T233732-446138Z-c-9321c6.stderr.txt
20260907T233732-972139Z-c-989fe6,channelbalance,c,mesh,2026-09-07T23:37:32.972139+00:00,2026-09-07T23:37:33.449033+00:00,0.47618639999927836,0,20260907T233732-972139Z-c-989fe6.sh,20260907T233732-972139Z-c-989fe6.stdout.txt,20260907T233732-972139Z-c-989fe6.stderr.txt
20260907T233733-450007Z-c-aa2b2f,listchannels,c,mesh,2026-09-07T23:37:33.450984+00:00,2026-09-07T23:37:33.954165+00:00,0.5032656000003044,0,20260907T233733-450007Z-c-aa2b2f.sh,20260907T233733-450007Z-c-aa2b2f.stdout.txt,20260907T233733-450007Z-c-aa2b2f.stderr.txt
20260907T233733-957095Z-c-6b86ab,pendingchannels,c,mesh,2026-09-07T23:37:33.958071+00:00,2026-09-07T23:37:34.453188+00:00,0.49564399999871966,0,20260907T233733-957095Z-c-6b86ab.sh,20260907T233733-957095Z-c-6b86ab.stdout.txt,20260907T233733-957095Z-c-6b86ab.stderr.txt
20260907T233734-455142Z-c-111133,getinfo,c,mesh,2026-09-07T23:37:34.456119+00:00,2026-09-07T23:37:34.938124+00:00,0.4821568000006664,0,20260907T233734-455142Z-c-111133.sh,20260907T233734-455142Z-c-111133.stdout.txt,20260907T233734-455142Z-c-111133.stderr.txt
20260907T233734-939101Z-a-1bf6a9,newaddress,a,mesh,2026-09-07T23:37:34.940605+00:00,2026-09-07T23:37:35.297073+00:00,0.35552650000136055,0,20260907T233734-939101Z-a-1bf6a9.sh,20260907T233734-939101Z-a-1bf6a9.stdout.txt,20260907T233734-939101Z-a-1bf6a9.stderr.txt
20260907T233735-303465Z-a-28a77f,mine-101-blocks,a,mesh,2026-09-07T23:37:35.304440+00:00,2026-09-07T23:37:35.706391+00:00,0.40128589999949327,0,20260907T233735-303465Z-a-28a77f.sh,20260907T233735-303465Z-a-28a77f.stdout.txt,20260907T233735-303465Z-a-28a77f.stderr.txt
20260907T233735-707367Z-a-fdd39c,getblockcount,a,mesh,2026-09-07T23:37:35.708344+00:00,2026-09-07T23:37:35.975474+00:00,0.2663026999998692,0,20260907T233735-707367Z-a-fdd39c.sh,20260907T233735-707367Z-a-fdd39c.stdout.txt,20260907T233735-707367Z-a-fdd39c.stderr.txt
20260907T233735-977427Z-a-a38a53,wait-chain-sync,a,mesh,2026-09-07T23:37:35.978404+00:00,2026-09-07T23:37:36.273493+00:00,0.29519860000073095,0,20260907T233735-977427Z-a-a38a53.sh,20260907T233735-977427Z-a-a38a53.stdout.txt,20260907T233735-977427Z-a-a38a53.stderr.txt
20260907T233738-276070Z-a-affaa4,wait-chain-sync,a,mesh,2026-09-07T23:37:38.276070+00:00,2026-09-07T23:37:41.261333+00:00,2.984934500000236,0,20260907T233738-276070Z-a-affaa4.sh,20260907T233738-276070Z-a-affaa4.stdout.txt,20260907T233738-276070Z-a-affaa4.stderr.txt
20260907T233741-263351Z-b-fb192f,wait-chain-sync,b,mesh,2026-09-07T23:37:41.264333+00:00,2026-09-07T23:37:41.782620+00:00,0.518091199999617,0,20260907T233741-263351Z-b-fb192f.sh,20260907T233741-263351Z-b-fb192f.stdout.txt,20260907T233741-263351Z-b-fb192f.stderr.txt
20260907T233741-783604Z-c-ad06fc,wait-chain-sync,c,mesh,2026-09-07T23:37:41.784581+00:00,2026-09-07T23:37:42.297218+00:00,0.5118118999998842,0,20260907T233741-783604Z-c-ad06fc.sh,20260907T233741-783604Z-c-ad06fc.stdout.txt,20260907T233741-783604Z-c-ad06fc.stderr.txt
20260907T233742-298195Z-a-b6b52f,walletbalance,a,mesh,2026-09-07T23:37:42.299171+00:00,2026-09-07T23:37:42.598211+00:00,0.29915150000124413,0,20260907T233742-298195Z-a-b6b52f.sh,20260907T233742-298195Z-a-b6b52f.stdout.txt,20260907T233742-298195Z-a-b6b52f.stderr.txt
20260907T233742-600162Z-b-f24ef7,walletbalance,b,mesh,2026-09-07T23:37:42.600162+00:00,2026-09-07T23:37:43.083694+00:00,0.4833803000001353,0,20260907T233742-600162Z-b-f24ef7.sh,20260907T233742-600162Z-b-f24ef7.stdout.txt,20260907T233742-600162Z-b-f24ef7.stderr.txt
20260907T233743-085645Z-c-d2d844,walletbalance,c,mesh,2026-09-07T23:37:43.085645+00:00,2026-09-07T23:37:43.544607+00:00,0.4582628999996814,0,20260907T233743-085645Z-c-d2d844.sh,20260907T233743-085645Z-c-d2d844.stdout.txt,20260907T233743-085645Z-c-d2d844.stderr.txt
20260907T233822-941827Z-a-58217a,identify-regtest,a,mesh,2026-09-07T23:38:22.942805+00:00,2026-09-07T23:38:25.928973+00:00,2.985693700000411,0,20260907T233822-941827Z-a-58217a.sh,20260907T233822-941827Z-a-58217a.stdout.txt,20260907T233822-941827Z-a-58217a.stderr.txt
20260907T233825-932877Z-b-d00d8c,identify-regtest,b,mesh,2026-09-07T23:38:25.933882+00:00,2026-09-07T23:38:26.450036+00:00,0.5160983000005217,0,20260907T233825-932877Z-b-d00d8c.sh,20260907T233825-932877Z-b-d00d8c.stdout.txt,20260907T233825-932877Z-b-d00d8c.stderr.txt
20260907T233826-451987Z-c-7b9fa6,identify-regtest,c,mesh,2026-09-07T23:38:26.451987+00:00,2026-09-07T23:38:26.984956+00:00,0.5319686000002548,0,20260907T233826-451987Z-c-7b9fa6.sh,20260907T233826-451987Z-c-7b9fa6.stdout.txt,20260907T233826-451987Z-c-7b9fa6.stderr.txt
20260907T233826-985932Z-a-9a3d3d,getblockchaininfo,a,mesh,2026-09-07T23:38:26.986908+00:00,2026-09-07T23:38:27.250709+00:00,0.26409140000032494,0,20260907T233826-985932Z-a-9a3d3d.sh,20260907T233826-985932Z-a-9a3d3d.stdout.txt,20260907T233826-985932Z-a-9a3d3d.stderr.txt
20260907T233827-252663Z-a-bf4901,getblockcount,a,mesh,2026-09-07T23:38:27.252663+00:00,2026-09-07T23:38:27.518088+00:00,0.2638974000001326,0,20260907T233827-252663Z-a-bf4901.sh,20260907T233827-252663Z-a-bf4901.stdout.txt,20260907T233827-252663Z-a-bf4901.stderr.txt
20260907T233827-519061Z-a-7ba05a,wait-chain-sync,a,mesh,2026-09-07T23:38:27.520039+00:00,2026-09-07T23:38:27.818053+00:00,0.297980400000597,0,20260907T233827-519061Z-a-7ba05a.sh,20260907T233827-519061Z-a-7ba05a.stdout.txt,20260907T233827-519061Z-a-7ba05a.stderr.txt
20260907T233827-819029Z-b-44f94c,wait-chain-sync,b,mesh,2026-09-07T23:38:27.820006+00:00,2026-09-07T23:38:28.264374+00:00,0.4438860000009299,0,20260907T233827-819029Z-b-44f94c.sh,20260907T233827-819029Z-b-44f94c.stdout.txt,20260907T233827-819029Z-b-44f94c.stderr.txt
20260907T233828-265394Z-c-dbaace,wait-chain-sync,c,mesh,2026-09-07T23:38:28.266376+00:00,2026-09-07T23:38:28.732837+00:00,0.46605129999989003,0,20260907T233828-265394Z-c-dbaace.sh,20260907T233828-265394Z-c-dbaace.stdout.txt,20260907T233828-265394Z-c-dbaace.stderr.txt
20260907T233828-734062Z-b-90cf0b,walletbalance,b,mesh,2026-09-07T23:38:28.734593+00:00,2026-09-07T23:38:29.185042+00:00,0.44965140000022075,0,20260907T233828-734062Z-b-90cf0b.sh,20260907T233828-734062Z-b-90cf0b.stdout.txt,20260907T233828-734062Z-b-90cf0b.stderr.txt
20260907T233829-186016Z-c-3ef2a2,walletbalance,c,mesh,2026-09-07T23:38:29.186016+00:00,2026-09-07T23:38:29.634938+00:00,0.4478589999998803,0,20260907T233829-186016Z-c-3ef2a2.sh,20260907T233829-186016Z-c-3ef2a2.stdout.txt,20260907T233829-186016Z-c-3ef2a2.stderr.txt
20260907T233829-635914Z-a-f23acb,listchannels,a,mesh,2026-09-07T23:38:29.636890+00:00,2026-09-07T23:38:29.932005+00:00,0.29513459999907354,0,20260907T233829-635914Z-a-f23acb.sh,20260907T233829-635914Z-a-f23acb.stdout.txt,20260907T233829-635914Z-a-f23acb.stderr.txt
20260907T233829-933985Z-a-98382e,connect-a-b,a,mesh,2026-09-07T23:38:29.933985+00:00,2026-09-07T23:38:30.257205+00:00,0.32233820000146807,0,20260907T233829-933985Z-a-98382e.sh,20260907T233829-933985Z-a-98382e.stdout.txt,20260907T233829-933985Z-a-98382e.stderr.txt
20260907T233830-258180Z-a-ed2360,open-a-b,a,mesh,2026-09-07T23:38:30.259156+00:00,2026-09-07T23:38:30.939974+00:00,0.6798469000004843,0,20260907T233830-258180Z-a-ed2360.sh,20260907T233830-258180Z-a-ed2360.stdout.txt,20260907T233830-258180Z-a-ed2360.stderr.txt
20260907T233830-940948Z-a-e005d5,funding-mempool,a,mesh,2026-09-07T23:38:30.941927+00:00,2026-09-07T23:38:31.239065+00:00,0.29725990000042657,0,20260907T233830-940948Z-a-e005d5.sh,20260907T233830-940948Z-a-e005d5.stdout.txt,20260907T233830-940948Z-a-e005d5.stderr.txt
20260907T233831-241014Z-a-4d9392,mine-6-blocks,a,mesh,2026-09-07T23:38:31.241990+00:00,2026-09-07T23:38:31.543215+00:00,0.3010781000011775,0,20260907T233831-241014Z-a-4d9392.sh,20260907T233831-241014Z-a-4d9392.stdout.txt,20260907T233831-241014Z-a-4d9392.stderr.txt
20260907T233831-544219Z-a-cd9a16,getblockcount,a,mesh,2026-09-07T23:38:31.545203+00:00,2026-09-07T23:38:31.811083+00:00,0.2651549000001978,0,20260907T233831-544219Z-a-cd9a16.sh,20260907T233831-544219Z-a-cd9a16.stdout.txt,20260907T233831-544219Z-a-cd9a16.stderr.txt
20260907T233831-812056Z-a-eb5e18,wait-chain-sync,a,mesh,2026-09-07T23:38:31.813033+00:00,2026-09-07T23:38:32.114193+00:00,0.3008485999998811,0,20260907T233831-812056Z-a-eb5e18.sh,20260907T233831-812056Z-a-eb5e18.stdout.txt,20260907T233831-812056Z-a-eb5e18.stderr.txt
20260907T233832-115176Z-b-f7f7fb,wait-chain-sync,b,mesh,2026-09-07T23:38:32.116150+00:00,2026-09-07T23:38:35.320208+00:00,3.2043217000009463,0,20260907T233832-115176Z-b-f7f7fb.sh,20260907T233832-115176Z-b-f7f7fb.stdout.txt,20260907T233832-115176Z-b-f7f7fb.stderr.txt
20260907T233835-322162Z-c-058eb4,wait-chain-sync,c,mesh,2026-09-07T23:38:35.322162+00:00,2026-09-07T23:38:35.859174+00:00,0.5358093999984703,0,20260907T233835-322162Z-c-058eb4.sh,20260907T233835-322162Z-c-058eb4.stdout.txt,20260907T233835-322162Z-c-058eb4.stderr.txt
20260907T233835-860148Z-a-7578e7,wait-active-a-b,a,mesh,2026-09-07T23:38:35.861127+00:00,2026-09-07T23:38:36.163218+00:00,0.3015739999991638,0,20260907T233835-860148Z-a-7578e7.sh,20260907T233835-860148Z-a-7578e7.stdout.txt,20260907T233835-860148Z-a-7578e7.stderr.txt
20260907T233836-164222Z-b-97a572,wait-active-b-a,b,mesh,2026-09-07T23:38:36.165203+00:00,2026-09-07T23:38:36.680358+00:00,0.5142267000010179,0,20260907T233836-164222Z-b-97a572.sh,20260907T233836-164222Z-b-97a572.stdout.txt,20260907T233836-164222Z-b-97a572.stderr.txt
20260907T233836-681334Z-a-634287,listchannels,a,mesh,2026-09-07T23:38:36.681334+00:00,2026-09-07T23:38:37.025447+00:00,0.34331229999952484,0,20260907T233836-681334Z-a-634287.sh,20260907T233836-681334Z-a-634287.stdout.txt,20260907T233836-681334Z-a-634287.stderr.txt
20260907T233837-026421Z-a-e72d9b,getrawtransaction,a,mesh,2026-09-07T23:38:37.027400+00:00,2026-09-07T23:38:37.286183+00:00,0.25867599999946833,0,20260907T233837-026421Z-a-e72d9b.sh,20260907T233837-026421Z-a-e72d9b.stdout.txt,20260907T233837-026421Z-a-e72d9b.stderr.txt
20260907T233837-288133Z-b-8be71d,listchannels,b,mesh,2026-09-07T23:38:37.289112+00:00,2026-09-07T23:38:37.812524+00:00,0.5230834999983927,0,20260907T233837-288133Z-b-8be71d.sh,20260907T233837-288133Z-b-8be71d.stdout.txt,20260907T233837-288133Z-b-8be71d.stderr.txt
20260907T233837-813502Z-b-f212db,walletbalance,b,mesh,2026-09-07T23:38:37.814507+00:00,2026-09-07T23:38:38.347194+00:00,0.532762200000434,0,20260907T233837-813502Z-b-f212db.sh,20260907T233837-813502Z-b-f212db.stdout.txt,20260907T233837-813502Z-b-f212db.stderr.txt
20260907T233838-349146Z-b-29d5b9,newaddress,b,mesh,2026-09-07T23:38:38.350123+00:00,2026-09-07T23:38:38.848277+00:00,0.4978081999997812,0,20260907T233838-349146Z-b-29d5b9.sh,20260907T233838-349146Z-b-29d5b9.stdout.txt,20260907T233838-349146Z-b-29d5b9.stderr.txt
20260907T233838-849257Z-a-1a3240,fund-b,a,mesh,2026-09-07T23:38:38.850232+00:00,2026-09-07T23:38:39.227387+00:00,0.37624310000137484,0,20260907T233838-849257Z-a-1a3240.sh,20260907T233838-849257Z-a-1a3240.stdout.txt,20260907T233838-849257Z-a-1a3240.stderr.txt
20260907T233839-233246Z-c-b60e4d,newaddress,c,mesh,2026-09-07T23:38:39.233246+00:00,2026-09-07T23:38:39.746285+00:00,0.5126178000009531,0,20260907T233839-233246Z-c-b60e4d.sh,20260907T233839-233246Z-c-b60e4d.stdout.txt,20260907T233839-233246Z-c-b60e4d.stderr.txt
20260907T233839-748238Z-a-298877,fund-c,a,mesh,2026-09-07T23:38:39.748238+00:00,2026-09-07T23:38:40.116711+00:00,0.3673927999989246,0,20260907T233839-748238Z-a-298877.sh,20260907T233839-748238Z-a-298877.stdout.txt,20260907T233839-748238Z-a-298877.stderr.txt
20260907T233840-117686Z-a-f99908,getrawmempool,a,mesh,2026-09-07T23:38:40.117686+00:00,2026-09-07T23:38:40.384417+00:00,0.26617910000095435,0,20260907T233840-117686Z-a-f99908.sh,20260907T233840-117686Z-a-f99908.stdout.txt,20260907T233840-117686Z-a-f99908.stderr.txt
20260907T233840-386375Z-a-141d42,mine-6-blocks,a,mesh,2026-09-07T23:38:40.387352+00:00,2026-09-07T23:38:40.741817+00:00,0.35400399999889487,0,20260907T233840-386375Z-a-141d42.sh,20260907T233840-386375Z-a-141d42.stdout.txt,20260907T233840-386375Z-a-141d42.stderr.txt
20260907T233840-742797Z-a-7167f3,getblockcount,a,mesh,2026-09-07T23:38:40.743770+00:00,2026-09-07T23:38:41.024753+00:00,0.28091979999953764,0,20260907T233840-742797Z-a-7167f3.sh,20260907T233840-742797Z-a-7167f3.stdout.txt,20260907T233840-742797Z-a-7167f3.stderr.txt
20260907T233841-025737Z-a-82dd10,wait-chain-sync,a,mesh,2026-09-07T23:38:41.026714+00:00,2026-09-07T23:38:41.330219+00:00,0.3028424999993149,0,20260907T233841-025737Z-a-82dd10.sh,20260907T233841-025737Z-a-82dd10.stdout.txt,20260907T233841-025737Z-a-82dd10.stderr.txt
20260907T233841-331196Z-b-cf8369,wait-chain-sync,b,mesh,2026-09-07T23:38:41.332172+00:00,2026-09-07T23:38:41.839286+00:00,0.5061743999995088,0,20260907T233841-331196Z-b-cf8369.sh,20260907T233841-331196Z-b-cf8369.stdout.txt,20260907T233841-331196Z-b-cf8369.stderr.txt
20260907T233841-840261Z-c-54e89d,wait-chain-sync,c,mesh,2026-09-07T23:38:41.841238+00:00,2026-09-07T23:38:42.389272+00:00,0.5483107000000018,0,20260907T233841-840261Z-c-54e89d.sh,20260907T233841-840261Z-c-54e89d.stdout.txt,20260907T233841-840261Z-c-54e89d.stderr.txt
20260907T233842-391226Z-b-abd29e,walletbalance,b,mesh,2026-09-07T23:38:42.391226+00:00,2026-09-07T23:38:45.535911+00:00,3.144065299999056,0,20260907T233842-391226Z-b-abd29e.sh,20260907T233842-391226Z-b-abd29e.stdout.txt,20260907T233842-391226Z-b-abd29e.stderr.txt
20260907T233845-537868Z-c-66ff4b,walletbalance,c,mesh,2026-09-07T23:38:45.537868+00:00,2026-09-07T23:38:46.023376+00:00,0.4850237000009656,0,20260907T233845-537868Z-c-66ff4b.sh,20260907T233845-537868Z-c-66ff4b.stdout.txt,20260907T233845-537868Z-c-66ff4b.stderr.txt
20260907T233846-024880Z-b-d99236,listchannels,b,mesh,2026-09-07T23:38:46.025861+00:00,2026-09-07T23:38:46.523384+00:00,0.49798269999882905,0,20260907T233846-024880Z-b-d99236.sh,20260907T233846-024880Z-b-d99236.stdout.txt,20260907T233846-024880Z-b-d99236.stderr.txt
20260907T233846-525869Z-b-fc4b57,connect-b-c,b,mesh,2026-09-07T23:38:46.525869+00:00,2026-09-07T23:38:47.065512+00:00,0.5385521999996854,0,20260907T233846-525869Z-b-fc4b57.sh,20260907T233846-525869Z-b-fc4b57.stdout.txt,20260907T233846-525869Z-b-fc4b57.stderr.txt
20260907T233847-066490Z-b-9fbd06,open-b-c,b,mesh,2026-09-07T23:38:47.067465+00:00,2026-09-07T23:38:50.847894+00:00,3.779971200001455,0,20260907T233847-066490Z-b-9fbd06.sh,20260907T233847-066490Z-b-9fbd06.stdout.txt,20260907T233847-066490Z-b-9fbd06.stderr.txt
20260907T233850-848870Z-a-6cd363,funding-mempool,a,mesh,2026-09-07T23:38:50.849847+00:00,2026-09-07T23:38:51.145983+00:00,0.2962096000010206,0,20260907T233850-848870Z-a-6cd363.sh,20260907T233850-848870Z-a-6cd363.stdout.txt,20260907T233850-848870Z-a-6cd363.stderr.txt
20260907T233851-147933Z-a-1b572f,mine-6-blocks,a,mesh,2026-09-07T23:38:51.148911+00:00,2026-09-07T23:38:51.450892+00:00,0.3019647000000987,0,20260907T233851-147933Z-a-1b572f.sh,20260907T233851-147933Z-a-1b572f.stdout.txt,20260907T233851-147933Z-a-1b572f.stderr.txt
20260907T233851-452844Z-a-4fee54,getblockcount,a,mesh,2026-09-07T23:38:51.452844+00:00,2026-09-07T23:38:51.723537+00:00,0.2703664000000572,0,20260907T233851-452844Z-a-4fee54.sh,20260907T233851-452844Z-a-4fee54.stdout.txt,20260907T233851-452844Z-a-4fee54.stderr.txt
20260907T233851-725041Z-a-65f070,wait-chain-sync,a,mesh,2026-09-07T23:38:51.726023+00:00,2026-09-07T23:38:52.030015+00:00,0.30354260000058275,0,20260907T233851-725041Z-a-65f070.sh,20260907T233851-725041Z-a-65f070.stdout.txt,20260907T233851-725041Z-a-65f070.stderr.txt
20260907T233852-030991Z-b-6a187a,wait-chain-sync,b,mesh,2026-09-07T23:38:52.031968+00:00,2026-09-07T23:38:52.572988+00:00,0.5406183999984933,0,20260907T233852-030991Z-b-6a187a.sh,20260907T233852-030991Z-b-6a187a.stdout.txt,20260907T233852-030991Z-b-6a187a.stderr.txt
20260907T233852-573964Z-c-5f0035,wait-chain-sync,c,mesh,2026-09-07T23:38:52.574970+00:00,2026-09-07T23:38:55.764093+00:00,3.1891833000008774,0,20260907T233852-573964Z-c-5f0035.sh,20260907T233852-573964Z-c-5f0035.stdout.txt,20260907T233852-573964Z-c-5f0035.stderr.txt
20260907T233855-765098Z-b-b84525,wait-active-b-c,b,mesh,2026-09-07T23:38:55.766079+00:00,2026-09-07T23:38:56.248888+00:00,0.482835900000282,0,20260907T233855-765098Z-b-b84525.sh,20260907T233855-765098Z-b-b84525.stdout.txt,20260907T233855-765098Z-b-b84525.stderr.txt
20260907T233856-250839Z-c-506d86,wait-active-c-b,c,mesh,2026-09-07T23:38:56.250839+00:00,2026-09-07T23:38:56.755294+00:00,0.5038965000003373,0,20260907T233856-250839Z-c-506d86.sh,20260907T233856-250839Z-c-506d86.stdout.txt,20260907T233856-250839Z-c-506d86.stderr.txt
20260907T233856-757252Z-b-75c3bd,listchannels,b,mesh,2026-09-07T23:38:56.757252+00:00,2026-09-07T23:38:57.252871+00:00,0.49502659999961907,0,20260907T233856-757252Z-b-75c3bd.sh,20260907T233856-757252Z-b-75c3bd.stdout.txt,20260907T233856-757252Z-b-75c3bd.stderr.txt
20260907T233857-253845Z-a-be2ec6,getrawtransaction,a,mesh,2026-09-07T23:38:57.255349+00:00,2026-09-07T23:38:57.582741+00:00,0.3270897000002151,0,20260907T233857-253845Z-a-be2ec6.sh,20260907T233857-253845Z-a-be2ec6.stdout.txt,20260907T233857-253845Z-a-be2ec6.stderr.txt
20260907T233857-583716Z-a-d67265,listchannels,a,mesh,2026-09-07T23:38:57.586203+00:00,2026-09-07T23:38:57.878914+00:00,0.29262649999873247,0,20260907T233857-583716Z-a-d67265.sh,20260907T233857-583716Z-a-d67265.stdout.txt,20260907T233857-583716Z-a-d67265.stderr.txt
20260907T233857-880866Z-a-3b2c8d,connect-a-c,a,mesh,2026-09-07T23:38:57.880866+00:00,2026-09-07T23:38:58.189179+00:00,0.3070449999995617,0,20260907T233857-880866Z-a-3b2c8d.sh,20260907T233857-880866Z-a-3b2c8d.stdout.txt,20260907T233857-880866Z-a-3b2c8d.stderr.txt
20260907T233858-190157Z-a-a9c06b,open-a-c,a,mesh,2026-09-07T23:38:58.190157+00:00,2026-09-07T23:38:58.853043+00:00,0.6615259000009246,0,20260907T233858-190157Z-a-a9c06b.sh,20260907T233858-190157Z-a-a9c06b.stdout.txt,20260907T233858-190157Z-a-a9c06b.stderr.txt
20260907T233858-854020Z-a-f08555,funding-mempool,a,mesh,2026-09-07T23:38:58.855024+00:00,2026-09-07T23:38:59.115236+00:00,0.26011389999985113,0,20260907T233858-854020Z-a-f08555.sh,20260907T233858-854020Z-a-f08555.stdout.txt,20260907T233858-854020Z-a-f08555.stderr.txt
20260907T233859-116217Z-a-1cf3fa,mine-6-blocks,a,mesh,2026-09-07T23:38:59.117194+00:00,2026-09-07T23:38:59.427919+00:00,0.31045300000005227,0,20260907T233859-116217Z-a-1cf3fa.sh,20260907T233859-116217Z-a-1cf3fa.stdout.txt,20260907T233859-116217Z-a-1cf3fa.stderr.txt
20260907T233859-429870Z-a-b54fa0,getblockcount,a,mesh,2026-09-07T23:38:59.429870+00:00,2026-09-07T23:38:59.699125+00:00,0.26891729999988456,0,20260907T233859-429870Z-a-b54fa0.sh,20260907T233859-429870Z-a-b54fa0.stdout.txt,20260907T233859-429870Z-a-b54fa0.stderr.txt
20260907T233859-701076Z-a-326022,wait-chain-sync,a,mesh,2026-09-07T23:38:59.701076+00:00,2026-09-07T23:39:00.015044+00:00,0.3134750000008353,0,20260907T233859-701076Z-a-326022.sh,20260907T233859-701076Z-a-326022.stdout.txt,20260907T233859-701076Z-a-326022.stderr.txt
20260907T233900-017006Z-b-56b9cd,wait-chain-sync,b,mesh,2026-09-07T23:39:00.017980+00:00,2026-09-07T23:39:00.538995+00:00,0.5207147000000987,0,20260907T233900-017006Z-b-56b9cd.sh,20260907T233900-017006Z-b-56b9cd.stdout.txt,20260907T233900-017006Z-b-56b9cd.stderr.txt
20260907T233900-539973Z-c-9fa77b,wait-chain-sync,c,mesh,2026-09-07T23:39:00.540949+00:00,2026-09-07T23:39:01.074298+00:00,0.5331458000000566,0,20260907T233900-539973Z-c-9fa77b.sh,20260907T233900-539973Z-c-9fa77b.stdout.txt,20260907T233900-539973Z-c-9fa77b.stderr.txt
20260907T233901-075302Z-a-6c6c53,wait-active-a-c,a,mesh,2026-09-07T23:39:01.075302+00:00,2026-09-07T23:39:01.377270+00:00,0.30133329999989655,0,20260907T233901-075302Z-a-6c6c53.sh,20260907T233901-075302Z-a-6c6c53.stdout.txt,20260907T233901-075302Z-a-6c6c53.stderr.txt
20260907T233901-379221Z-c-f6c5cf,wait-active-c-a,c,mesh,2026-09-07T23:39:01.379221+00:00,2026-09-07T23:39:01.869413+00:00,0.489588399999775,0,20260907T233901-379221Z-c-f6c5cf.sh,20260907T233901-379221Z-c-f6c5cf.stdout.txt,20260907T233901-379221Z-c-f6c5cf.stderr.txt
20260907T233901-870387Z-a-eac2b7,listchannels,a,mesh,2026-09-07T23:39:01.871365+00:00,2026-09-07T23:39:02.175366+00:00,0.3039657999997871,0,20260907T233901-870387Z-a-eac2b7.sh,20260907T233901-870387Z-a-eac2b7.stdout.txt,20260907T233901-870387Z-a-eac2b7.stderr.txt
20260907T233902-177326Z-a-9ebe31,getrawtransaction,a,mesh,2026-09-07T23:39:02.177326+00:00,2026-09-07T23:39:05.136326+00:00,2.957702200001222,0,20260907T233902-177326Z-a-9ebe31.sh,20260907T233902-177326Z-a-9ebe31.stdout.txt,20260907T233902-177326Z-a-9ebe31.stderr.txt
20260907T233905-137303Z-a-23db7a,walletbalance,a,mesh,2026-09-07T23:39:05.138279+00:00,2026-09-07T23:39:05.459328+00:00,0.32040779999988445,0,20260907T233905-137303Z-a-23db7a.sh,20260907T233905-137303Z-a-23db7a.stdout.txt,20260907T233905-137303Z-a-23db7a.stderr.txt
20260907T233905-460305Z-a-019eb0,channelbalance,a,mesh,2026-09-07T23:39:05.461281+00:00,2026-09-07T23:39:05.761154+00:00,0.2994672000004357,0,20260907T233905-460305Z-a-019eb0.sh,20260907T233905-460305Z-a-019eb0.stdout.txt,20260907T233905-460305Z-a-019eb0.stderr.txt
20260907T233905-762130Z-a-dbf10e,listchannels,a,mesh,2026-09-07T23:39:05.763104+00:00,2026-09-07T23:39:06.056380+00:00,0.2931380000009085,0,20260907T233905-762130Z-a-dbf10e.sh,20260907T233905-762130Z-a-dbf10e.stdout.txt,20260907T233905-762130Z-a-dbf10e.stderr.txt
20260907T233906-059308Z-a-12f34b,pendingchannels,a,mesh,2026-09-07T23:39:06.059308+00:00,2026-09-07T23:39:06.348458+00:00,0.28832499999953143,0,20260907T233906-059308Z-a-12f34b.sh,20260907T233906-059308Z-a-12f34b.stdout.txt,20260907T233906-059308Z-a-12f34b.stderr.txt
20260907T233906-349434Z-a-df3e79,getinfo,a,mesh,2026-09-07T23:39:06.350411+00:00,2026-09-07T23:39:06.646545+00:00,0.29568490000019665,0,20260907T233906-349434Z-a-df3e79.sh,20260907T233906-349434Z-a-df3e79.stdout.txt,20260907T233906-349434Z-a-df3e79.stderr.txt
20260907T233906-647522Z-b-e44722,walletbalance,b,mesh,2026-09-07T23:39:06.648497+00:00,2026-09-07T23:39:07.196507+00:00,0.5482802999995329,0,20260907T233906-647522Z-b-e44722.sh,20260907T233906-647522Z-b-e44722.stdout.txt,20260907T233906-647522Z-b-e44722.stderr.txt
20260907T233907-198460Z-b-773644,channelbalance,b,mesh,2026-09-07T23:39:07.199437+00:00,2026-09-07T23:39:07.696513+00:00,0.49725020000005316,0,20260907T233907-198460Z-b-773644.sh,20260907T233907-198460Z-b-773644.stdout.txt,20260907T233907-198460Z-b-773644.stderr.txt
20260907T233907-698465Z-b-d4abd4,listchannels,b,mesh,2026-09-07T23:39:07.698465+00:00,2026-09-07T23:39:08.171274+00:00,0.4723132999988593,0,20260907T233907-698465Z-b-d4abd4.sh,20260907T233907-698465Z-b-d4abd4.stdout.txt,20260907T233907-698465Z-b-d4abd4.stderr.txt
20260907T233908-172247Z-b-3a92c1,pendingchannels,b,mesh,2026-09-07T23:39:08.173224+00:00,2026-09-07T23:39:08.645610+00:00,0.47247410000090895,0,20260907T233908-172247Z-b-3a92c1.sh,20260907T233908-172247Z-b-3a92c1.stdout.txt,20260907T233908-172247Z-b-3a92c1.stderr.txt
20260907T233908-647569Z-b-44eaf7,getinfo,b,mesh,2026-09-07T23:39:08.647569+00:00,2026-09-07T23:39:09.113123+00:00,0.46448620000046503,0,20260907T233908-647569Z-b-44eaf7.sh,20260907T233908-647569Z-b-44eaf7.stdout.txt,20260907T233908-647569Z-b-44eaf7.stderr.txt
20260907T233909-114103Z-c-793aa8,walletbalance,c,mesh,2026-09-07T23:39:09.114103+00:00,2026-09-07T23:39:09.630251+00:00,0.5153069000007235,0,20260907T233909-114103Z-c-793aa8.sh,20260907T233909-114103Z-c-793aa8.stdout.txt,20260907T233909-114103Z-c-793aa8.stderr.txt
20260907T233909-632201Z-c-ed7890,channelbalance,c,mesh,2026-09-07T23:39:09.632201+00:00,2026-09-07T23:39:10.094530+00:00,0.46190849999948114,0,20260907T233909-632201Z-c-ed7890.sh,20260907T233909-632201Z-c-ed7890.stdout.txt,20260907T233909-632201Z-c-ed7890.stderr.txt
20260907T233910-096516Z-c-706549,listchannels,c,mesh,2026-09-07T23:39:10.096516+00:00,2026-09-07T23:39:10.588618+00:00,0.49182889999974577,0,20260907T233910-096516Z-c-706549.sh,20260907T233910-096516Z-c-706549.stdout.txt,20260907T233910-096516Z-c-706549.stderr.txt
20260907T233910-590571Z-c-8c4920,pendingchannels,c,mesh,2026-09-07T23:39:10.590571+00:00,2026-09-07T23:39:11.086587+00:00,0.4954061000007641,0,20260907T233910-590571Z-c-8c4920.sh,20260907T233910-590571Z-c-8c4920.stdout.txt,20260907T233910-590571Z-c-8c4920.stderr.txt
20260907T233911-087560Z-c-b1f840,getinfo,c,mesh,2026-09-07T23:39:11.088537+00:00,2026-09-07T23:39:11.600751+00:00,0.5116558000008808,0,20260907T233911-087560Z-c-b1f840.sh,20260907T233911-087560Z-c-b1f840.stdout.txt,20260907T233911-087560Z-c-b1f840.stderr.txt
20260907T234041-499788Z-a-1992e3,rtt-a-b,a,mesh,2026-09-07T23:40:41.500764+00:00,2026-09-07T23:40:49.496676+00:00,7.995431400000598,0,20260907T234041-499788Z-a-1992e3.sh,20260907T234041-499788Z-a-1992e3.stdout.txt,20260907T234041-499788Z-a-1992e3.stderr.txt
20260907T234049-497655Z-a-96fd40,rtt-a-c,a,mesh,2026-09-07T23:40:49.497655+00:00,2026-09-07T23:40:54.870117+00:00,5.370839899998828,0,20260907T234049-497655Z-a-96fd40.sh,20260907T234049-497655Z-a-96fd40.stdout.txt,20260907T234049-497655Z-a-96fd40.stderr.txt
20260907T234054-871098Z-b-40e1c8,rtt-b-a,b,mesh,2026-09-07T23:40:54.872070+00:00,2026-09-07T23:41:03.081299+00:00,8.208068199999616,0,20260907T234054-871098Z-b-40e1c8.sh,20260907T234054-871098Z-b-40e1c8.stdout.txt,20260907T234054-871098Z-b-40e1c8.stderr.txt
20260907T234103-082277Z-b-e43798,rtt-b-c,b,mesh,2026-09-07T23:41:03.083252+00:00,2026-09-07T23:41:08.619361+00:00,5.5358826000010595,0,20260907T234103-082277Z-b-e43798.sh,20260907T234103-082277Z-b-e43798.stdout.txt,20260907T234103-082277Z-b-e43798.stderr.txt
20260907T234108-621319Z-c-ae514e,rtt-c-a,c,mesh,2026-09-07T23:41:08.622295+00:00,2026-09-07T23:41:16.867784+00:00,8.245017200000802,0,20260907T234108-621319Z-c-ae514e.sh,20260907T234108-621319Z-c-ae514e.stdout.txt,20260907T234108-621319Z-c-ae514e.stderr.txt
20260907T234116-869763Z-c-bc267b,rtt-c-b,c,mesh,2026-09-07T23:41:16.869763+00:00,2026-09-07T23:41:22.388904+00:00,5.518406400000458,0,20260907T234116-869763Z-c-bc267b.sh,20260907T234116-869763Z-c-bc267b.stdout.txt,20260907T234116-869763Z-c-bc267b.stderr.txt
20260907T234122-389908Z-a-7949ec,start-iperf-server,a,mesh,2026-09-07T23:41:22.390893+00:00,2026-09-07T23:41:25.371224+00:00,2.979504499999166,0,20260907T234122-389908Z-a-7949ec.sh,20260907T234122-389908Z-a-7949ec.stdout.txt,20260907T234122-389908Z-a-7949ec.stderr.txt
20260907T234125-372205Z-b-7f6879,throughput-b-a-1,b,mesh,2026-09-07T23:41:25.373175+00:00,2026-09-07T23:41:35.908281+00:00,10.534946099998706,0,20260907T234125-372205Z-b-7f6879.sh,20260907T234125-372205Z-b-7f6879.stdout.txt,20260907T234125-372205Z-b-7f6879.stderr.txt
20260907T234135-910264Z-a-d555d3,start-iperf-server,a,mesh,2026-09-07T23:41:35.911249+00:00,2026-09-07T23:41:36.216505+00:00,0.30469369999991613,0,20260907T234135-910264Z-a-d555d3.sh,20260907T234135-910264Z-a-d555d3.stdout.txt,20260907T234135-910264Z-a-d555d3.stderr.txt
20260907T234136-217481Z-b-c022dc,throughput-b-a-2,b,mesh,2026-09-07T23:41:36.217481+00:00,2026-09-07T23:41:46.972696+00:00,10.75403390000065,0,20260907T234136-217481Z-b-c022dc.sh,20260907T234136-217481Z-b-c022dc.stdout.txt,20260907T234136-217481Z-b-c022dc.stderr.txt
20260907T234146-973674Z-a-13120c,start-iperf-server,a,mesh,2026-09-07T23:41:46.974649+00:00,2026-09-07T23:41:49.936973+00:00,2.9619471000005433,0,20260907T234146-973674Z-a-13120c.sh,20260907T234146-973674Z-a-13120c.stdout.txt,20260907T234146-973674Z-a-13120c.stderr.txt
20260907T234149-938924Z-b-0638d4,throughput-b-a-3,b,mesh,2026-09-07T23:41:49.938924+00:00,2026-09-07T23:42:00.621232+00:00,10.681780200000503,0,20260907T234149-938924Z-b-0638d4.sh,20260907T234149-938924Z-b-0638d4.stdout.txt,20260907T234149-938924Z-b-0638d4.stderr.txt
20260907T234200-623192Z-a-17c131,start-iperf-server,a,mesh,2026-09-07T23:42:00.624169+00:00,2026-09-07T23:42:03.602200+00:00,2.9778196999996,0,20260907T234200-623192Z-a-17c131.sh,20260907T234200-623192Z-a-17c131.stdout.txt,20260907T234200-623192Z-a-17c131.stderr.txt
20260907T234203-604150Z-c-d04df4,throughput-c-a-1,c,mesh,2026-09-07T23:42:03.604150+00:00,2026-09-07T23:42:14.196683+00:00,10.591640099999495,0,20260907T234203-604150Z-c-d04df4.sh,20260907T234203-604150Z-c-d04df4.stdout.txt,20260907T234203-604150Z-c-d04df4.stderr.txt
20260907T234214-198638Z-a-fb7f6e,start-iperf-server,a,mesh,2026-09-07T23:42:14.198638+00:00,2026-09-07T23:42:17.164112+00:00,2.9645698000003904,0,20260907T234214-198638Z-a-fb7f6e.sh,20260907T234214-198638Z-a-fb7f6e.stdout.txt,20260907T234214-198638Z-a-fb7f6e.stderr.txt
20260907T234217-165089Z-c-d09924,throughput-c-a-2,c,mesh,2026-09-07T23:42:17.166068+00:00,2026-09-07T23:42:27.918910+00:00,10.752554100001362,0,20260907T234217-165089Z-c-d09924.sh,20260907T234217-165089Z-c-d09924.stdout.txt,20260907T234217-165089Z-c-d09924.stderr.txt
20260907T234227-920861Z-a-ecf9fa,start-iperf-server,a,mesh,2026-09-07T23:42:27.920861+00:00,2026-09-07T23:42:30.894143+00:00,2.971979099998862,0,20260907T234227-920861Z-a-ecf9fa.sh,20260907T234227-920861Z-a-ecf9fa.stdout.txt,20260907T234227-920861Z-a-ecf9fa.stderr.txt
20260907T234230-895121Z-c-b8a6a1,throughput-c-a-3,c,mesh,2026-09-07T23:42:30.895121+00:00,2026-09-07T23:42:41.779643+00:00,10.883247999998275,0,20260907T234230-895121Z-c-b8a6a1.sh,20260907T234230-895121Z-c-b8a6a1.stdout.txt,20260907T234230-895121Z-c-b8a6a1.stderr.txt
20260907T234241-781597Z-c-b41d29,start-iperf-server,c,mesh,2026-09-07T23:42:41.781597+00:00,2026-09-07T23:42:45.279804+00:00,3.4978794999988168,0,20260907T234241-781597Z-c-b41d29.sh,20260907T234241-781597Z-c-b41d29.stdout.txt,20260907T234241-781597Z-c-b41d29.stderr.txt
20260907T234245-281756Z-b-6dc16e,throughput-b-c-1,b,mesh,2026-09-07T23:42:45.281756+00:00,2026-09-07T23:42:56.755964+00:00,11.473118900001282,0,20260907T234245-281756Z-b-6dc16e.sh,20260907T234245-281756Z-b-6dc16e.stdout.txt,20260907T234245-281756Z-b-6dc16e.stderr.txt
20260907T234256-757917Z-c-cb177e,start-iperf-server,c,mesh,2026-09-07T23:42:56.757917+00:00,2026-09-07T23:43:00.416284+00:00,3.6571811999983765,0,20260907T234256-757917Z-c-cb177e.sh,20260907T234256-757917Z-c-cb177e.stdout.txt,20260907T234256-757917Z-c-cb177e.stderr.txt
20260907T234300-417261Z-b-2ad6b4,throughput-b-c-2,b,mesh,2026-09-07T23:43:00.418237+00:00,2026-09-07T23:43:11.418824+00:00,11.000487799999974,0,20260907T234300-417261Z-b-2ad6b4.sh,20260907T234300-417261Z-b-2ad6b4.stdout.txt,20260907T234300-417261Z-b-2ad6b4.stderr.txt
20260907T234311-420779Z-c-566897,start-iperf-server,c,mesh,2026-09-07T23:43:11.420779+00:00,2026-09-07T23:43:14.603701+00:00,3.1823309999999765,0,20260907T234311-420779Z-c-566897.sh,20260907T234311-420779Z-c-566897.stdout.txt,20260907T234311-420779Z-c-566897.stderr.txt
20260907T234314-605660Z-b-46bf53,throughput-b-c-3,b,mesh,2026-09-07T23:43:14.605660+00:00,2026-09-07T23:43:25.143952+00:00,10.53776900000048,0,20260907T234314-605660Z-b-46bf53.sh,20260907T234314-605660Z-b-46bf53.stdout.txt,20260907T234314-605660Z-b-46bf53.stderr.txt
20260907T234336-334535Z-a-918cb3,identify-regtest,a,mesh,2026-09-07T23:43:36.335520+00:00,2026-09-07T23:43:39.329495+00:00,2.993689599999925,0,20260907T234336-334535Z-a-918cb3.sh,20260907T234336-334535Z-a-918cb3.stdout.txt,20260907T234336-334535Z-a-918cb3.stderr.txt
20260907T234339-330473Z-b-6f0743,identify-regtest,b,mesh,2026-09-07T23:43:39.331449+00:00,2026-09-07T23:43:40.241599+00:00,0.9104671999994025,0,20260907T234339-330473Z-b-6f0743.sh,20260907T234339-330473Z-b-6f0743.stdout.txt,20260907T234339-330473Z-b-6f0743.stderr.txt
20260907T234340-243555Z-c-fb8078,identify-regtest,c,mesh,2026-09-07T23:43:40.243555+00:00,2026-09-07T23:43:40.986682+00:00,0.7421861000002536,0,20260907T234340-243555Z-c-fb8078.sh,20260907T234340-243555Z-c-fb8078.stdout.txt,20260907T234340-243555Z-c-fb8078.stderr.txt
20260907T234340-987661Z-a-d494db,getblockchaininfo,a,mesh,2026-09-07T23:43:40.987661+00:00,2026-09-07T23:43:41.251787+00:00,0.26395310000043537,0,20260907T234340-987661Z-a-d494db.sh,20260907T234340-987661Z-a-d494db.stdout.txt,20260907T234340-987661Z-a-d494db.stderr.txt
20260907T234341-253744Z-a-065d47,getblockcount,a,mesh,2026-09-07T23:43:41.253744+00:00,2026-09-07T23:43:41.507695+00:00,0.2529389999999694,0,20260907T234341-253744Z-a-065d47.sh,20260907T234341-253744Z-a-065d47.stdout.txt,20260907T234341-253744Z-a-065d47.stderr.txt
20260907T234341-508673Z-a-db2003,wait-chain-sync,a,mesh,2026-09-07T23:43:41.508673+00:00,2026-09-07T23:43:41.795597+00:00,0.2860822000002372,0,20260907T234341-508673Z-a-db2003.sh,20260907T234341-508673Z-a-db2003.stdout.txt,20260907T234341-508673Z-a-db2003.stderr.txt
20260907T234341-796574Z-b-c05b8f,wait-chain-sync,b,mesh,2026-09-07T23:43:41.796574+00:00,2026-09-07T23:43:42.522635+00:00,0.724966100000529,0,20260907T234341-796574Z-b-c05b8f.sh,20260907T234341-796574Z-b-c05b8f.stdout.txt,20260907T234341-796574Z-b-c05b8f.stderr.txt
20260907T234342-523611Z-c-550f47,wait-chain-sync,c,mesh,2026-09-07T23:43:42.523611+00:00,2026-09-07T23:43:43.221507+00:00,0.697464900000341,0,20260907T234342-523611Z-c-550f47.sh,20260907T234342-523611Z-c-550f47.stdout.txt,20260907T234342-523611Z-c-550f47.stderr.txt
20260907T234343-222486Z-c-8ddd77,addinvoice,c,mesh,2026-09-07T23:43:43.223463+00:00,2026-09-07T23:43:44.032774+00:00,0.8093425000006391,0,20260907T234343-222486Z-c-8ddd77.sh,20260907T234343-222486Z-c-8ddd77.stdout.txt,20260907T234343-222486Z-c-8ddd77.stderr.txt
20260907T234344-034755Z-b-869f20,payment-chain-running-b-c-1,b,mesh,2026-09-07T23:43:44.034755+00:00,2026-09-07T23:43:44.981831+00:00,0.9465537999985827,0,20260907T234344-034755Z-b-869f20.sh,20260907T234344-034755Z-b-869f20.stdout.txt,20260907T234344-034755Z-b-869f20.stderr.txt
20260907T234344-982808Z-c-44ac1a,lookupinvoice,c,mesh,2026-09-07T23:43:44.983796+00:00,2026-09-07T23:43:45.594650+00:00,0.6106553999998141,0,20260907T234344-982808Z-c-44ac1a.sh,20260907T234344-982808Z-c-44ac1a.stdout.txt,20260907T234344-982808Z-c-44ac1a.stderr.txt
20260907T234345-596608Z-c-e18107,addinvoice,c,mesh,2026-09-07T23:43:45.596608+00:00,2026-09-07T23:43:46.249739+00:00,0.6526167000010901,0,20260907T234345-596608Z-c-e18107.sh,20260907T234345-596608Z-c-e18107.stdout.txt,20260907T234345-596608Z-c-e18107.stderr.txt
20260907T234346-250713Z-b-810f36,payment-chain-running-b-c-2,b,mesh,2026-09-07T23:43:46.251689+00:00,2026-09-07T23:43:50.096678+00:00,3.8454431999998633,0,20260907T234346-250713Z-b-810f36.sh,20260907T234346-250713Z-b-810f36.stdout.txt,20260907T234346-250713Z-b-810f36.stderr.txt
20260907T234350-098640Z-c-2d735f,lookupinvoice,c,mesh,2026-09-07T23:43:50.098640+00:00,2026-09-07T23:43:50.789890+00:00,0.6904050000011921,0,20260907T234350-098640Z-c-2d735f.sh,20260907T234350-098640Z-c-2d735f.stdout.txt,20260907T234350-098640Z-c-2d735f.stderr.txt
20260907T234350-790868Z-c-33c771,addinvoice,c,mesh,2026-09-07T23:43:50.790868+00:00,2026-09-07T23:43:51.372894+00:00,0.5808795000011742,0,20260907T234350-790868Z-c-33c771.sh,20260907T234350-790868Z-c-33c771.stdout.txt,20260907T234350-790868Z-c-33c771.stderr.txt
20260907T234351-373873Z-b-aa9488,payment-chain-running-b-c-3,b,mesh,2026-09-07T23:43:51.373873+00:00,2026-09-07T23:43:52.374920+00:00,1.000303000000713,0,20260907T234351-373873Z-b-aa9488.sh,20260907T234351-373873Z-b-aa9488.stdout.txt,20260907T234351-373873Z-b-aa9488.stderr.txt
20260907T234352-375902Z-c-467ea0,lookupinvoice,c,mesh,2026-09-07T23:43:52.376878+00:00,2026-09-07T23:43:52.913985+00:00,0.5366990000002261,0,20260907T234352-375902Z-c-467ea0.sh,20260907T234352-375902Z-c-467ea0.stdout.txt,20260907T234352-375902Z-c-467ea0.stderr.txt
20260907T234352-914989Z-c-30045a,addinvoice,c,mesh,2026-09-07T23:43:52.914989+00:00,2026-09-07T23:43:53.613037+00:00,0.6970285999996122,0,20260907T234352-914989Z-c-30045a.sh,20260907T234352-914989Z-c-30045a.stdout.txt,20260907T234352-914989Z-c-30045a.stderr.txt
20260907T234353-614011Z-b-a27083,payment-chain-running-b-c-4,b,mesh,2026-09-07T23:43:53.614011+00:00,2026-09-07T23:43:54.517042+00:00,0.9025978999998188,0,20260907T234353-614011Z-b-a27083.sh,20260907T234353-614011Z-b-a27083.stdout.txt,20260907T234353-614011Z-b-a27083.stderr.txt
20260907T234354-518996Z-c-90e447,lookupinvoice,c,mesh,2026-09-07T23:43:54.518996+00:00,2026-09-07T23:43:55.245078+00:00,0.7259472000005189,0,20260907T234354-518996Z-c-90e447.sh,20260907T234354-518996Z-c-90e447.stdout.txt,20260907T234354-518996Z-c-90e447.stderr.txt
20260907T234355-247039Z-c-a4ed2d,addinvoice,c,mesh,2026-09-07T23:43:55.247039+00:00,2026-09-07T23:43:55.913869+00:00,0.6672660000003816,0,20260907T234355-247039Z-c-a4ed2d.sh,20260907T234355-247039Z-c-a4ed2d.stdout.txt,20260907T234355-247039Z-c-a4ed2d.stderr.txt
20260907T234355-916362Z-b-36f6c8,payment-chain-running-b-c-5,b,mesh,2026-09-07T23:43:55.916362+00:00,2026-09-07T23:43:56.959056+00:00,1.0419855000000098,0,20260907T234355-916362Z-b-36f6c8.sh,20260907T234355-916362Z-b-36f6c8.stdout.txt,20260907T234355-916362Z-b-36f6c8.stderr.txt
20260907T234356-960031Z-c-bb2a9e,lookupinvoice,c,mesh,2026-09-07T23:43:56.961010+00:00,2026-09-07T23:44:00.213969+00:00,3.253636600000391,0,20260907T234356-960031Z-c-bb2a9e.sh,20260907T234356-960031Z-c-bb2a9e.stdout.txt,20260907T234356-960031Z-c-bb2a9e.stderr.txt
20260907T234400-215475Z-c-07fdec,addinvoice,c,mesh,2026-09-07T23:44:00.216464+00:00,2026-09-07T23:44:00.751210+00:00,0.5344749000014417,0,20260907T234400-215475Z-c-07fdec.sh,20260907T234400-215475Z-c-07fdec.stdout.txt,20260907T234400-215475Z-c-07fdec.stderr.txt
20260907T234400-752189Z-b-f5da0d,payment-chain-running-b-c-6,b,mesh,2026-09-07T23:44:00.753164+00:00,2026-09-07T23:44:01.827577+00:00,1.0738942000007228,0,20260907T234400-752189Z-b-f5da0d.sh,20260907T234400-752189Z-b-f5da0d.stdout.txt,20260907T234400-752189Z-b-f5da0d.stderr.txt
20260907T234401-828556Z-c-218b87,lookupinvoice,c,mesh,2026-09-07T23:44:01.828556+00:00,2026-09-07T23:44:02.542295+00:00,0.7130694999996194,0,20260907T234401-828556Z-c-218b87.sh,20260907T234401-828556Z-c-218b87.stdout.txt,20260907T234401-828556Z-c-218b87.stderr.txt
20260907T234402-543272Z-c-a60b01,addinvoice,c,mesh,2026-09-07T23:44:02.544246+00:00,2026-09-07T23:44:03.149164+00:00,0.6048592000006465,0,20260907T234402-543272Z-c-a60b01.sh,20260907T234402-543272Z-c-a60b01.stdout.txt,20260907T234402-543272Z-c-a60b01.stderr.txt
20260907T234403-150146Z-b-d1c6e4,payment-chain-running-b-c-7,b,mesh,2026-09-07T23:44:03.151120+00:00,2026-09-07T23:44:04.256575+00:00,1.10489939999934,0,20260907T234403-150146Z-b-d1c6e4.sh,20260907T234403-150146Z-b-d1c6e4.stdout.txt,20260907T234403-150146Z-b-d1c6e4.stderr.txt
20260907T234404-257551Z-c-772542,lookupinvoice,c,mesh,2026-09-07T23:44:04.258531+00:00,2026-09-07T23:44:04.848429+00:00,0.5897248000001127,0,20260907T234404-257551Z-c-772542.sh,20260907T234404-257551Z-c-772542.stdout.txt,20260907T234404-257551Z-c-772542.stderr.txt
20260907T234404-850388Z-c-1dd1d3,addinvoice,c,mesh,2026-09-07T23:44:04.850388+00:00,2026-09-07T23:44:05.484301+00:00,0.6332916999999725,0,20260907T234404-850388Z-c-1dd1d3.sh,20260907T234404-850388Z-c-1dd1d3.stdout.txt,20260907T234404-850388Z-c-1dd1d3.stderr.txt
20260907T234405-484301Z-b-9c59d0,payment-chain-running-b-c-8,b,mesh,2026-09-07T23:44:05.485805+00:00,2026-09-07T23:44:06.586702+00:00,1.1007055999998556,0,20260907T234405-484301Z-b-9c59d0.sh,20260907T234405-484301Z-b-9c59d0.stdout.txt,20260907T234405-484301Z-b-9c59d0.stderr.txt
20260907T234406-588656Z-c-992e41,lookupinvoice,c,mesh,2026-09-07T23:44:06.588656+00:00,2026-09-07T23:44:09.928592+00:00,3.3397203000004083,0,20260907T234406-588656Z-c-992e41.sh,20260907T234406-588656Z-c-992e41.stdout.txt,20260907T234406-588656Z-c-992e41.stderr.txt
20260907T234409-930546Z-c-20d7a9,addinvoice,c,mesh,2026-09-07T23:44:09.931519+00:00,2026-09-07T23:44:10.777863+00:00,0.8461618000001181,0,20260907T234409-930546Z-c-20d7a9.sh,20260907T234409-930546Z-c-20d7a9.stdout.txt,20260907T234409-930546Z-c-20d7a9.stderr.txt
20260907T234410-778840Z-b-61bfd3,payment-chain-running-b-c-9,b,mesh,2026-09-07T23:44:10.778840+00:00,2026-09-07T23:44:12.271752+00:00,1.4920204000009107,0,20260907T234410-778840Z-b-61bfd3.sh,20260907T234410-778840Z-b-61bfd3.stdout.txt,20260907T234410-778840Z-b-61bfd3.stderr.txt
20260907T234412-272732Z-c-b043e4,lookupinvoice,c,mesh,2026-09-07T23:44:12.273707+00:00,2026-09-07T23:44:13.137777+00:00,0.8644977000003564,0,20260907T234412-272732Z-c-b043e4.sh,20260907T234412-272732Z-c-b043e4.stdout.txt,20260907T234412-272732Z-c-b043e4.stderr.txt
20260907T234413-139734Z-c-ec69e3,addinvoice,c,mesh,2026-09-07T23:44:13.139734+00:00,2026-09-07T23:44:14.144651+00:00,1.0044849000005343,0,20260907T234413-139734Z-c-ec69e3.sh,20260907T234413-139734Z-c-ec69e3.stdout.txt,20260907T234413-139734Z-c-ec69e3.stderr.txt
20260907T234414-145655Z-b-c13bfe,payment-chain-running-b-c-10,b,mesh,2026-09-07T23:44:14.146639+00:00,2026-09-07T23:44:15.214619+00:00,1.0686970999995538,0,20260907T234414-145655Z-b-c13bfe.sh,20260907T234414-145655Z-b-c13bfe.stdout.txt,20260907T234414-145655Z-b-c13bfe.stderr.txt
20260907T234415-217108Z-c-f8c101,lookupinvoice,c,mesh,2026-09-07T23:44:15.217108+00:00,2026-09-07T23:44:15.988954+00:00,0.7707934999998542,0,20260907T234415-217108Z-c-f8c101.sh,20260907T234415-217108Z-c-f8c101.stdout.txt,20260907T234415-217108Z-c-f8c101.stderr.txt
20260907T234415-989934Z-c-22cea5,addinvoice,c,mesh,2026-09-07T23:44:15.989934+00:00,2026-09-07T23:44:16.714832+00:00,0.724024000001009,0,20260907T234415-989934Z-c-22cea5.sh,20260907T234415-989934Z-c-22cea5.stdout.txt,20260907T234415-989934Z-c-22cea5.stderr.txt
20260907T234416-715836Z-b-26d07a,payment-chain-running-b-c-11,b,mesh,2026-09-07T23:44:16.716819+00:00,2026-09-07T23:44:20.186855+00:00,3.4699974000013754,0,20260907T234416-715836Z-b-26d07a.sh,20260907T234416-715836Z-b-26d07a.stdout.txt,20260907T234416-715836Z-b-26d07a.stderr.txt
20260907T234420-187831Z-c-279900,lookupinvoice,c,mesh,2026-09-07T23:44:20.188806+00:00,2026-09-07T23:44:20.670089+00:00,0.48064999999951397,0,20260907T234420-187831Z-c-279900.sh,20260907T234420-187831Z-c-279900.stdout.txt,20260907T234420-187831Z-c-279900.stderr.txt
20260907T234420-671067Z-c-8445b8,addinvoice,c,mesh,2026-09-07T23:44:20.671067+00:00,2026-09-07T23:44:21.196077+00:00,0.5244437000001199,0,20260907T234420-671067Z-c-8445b8.sh,20260907T234420-671067Z-c-8445b8.stdout.txt,20260907T234420-671067Z-c-8445b8.stderr.txt
20260907T234421-197058Z-b-ff3d89,payment-chain-running-b-c-12,b,mesh,2026-09-07T23:44:21.198038+00:00,2026-09-07T23:44:21.991746+00:00,0.79365400000097,0,20260907T234421-197058Z-b-ff3d89.sh,20260907T234421-197058Z-b-ff3d89.stdout.txt,20260907T234421-197058Z-b-ff3d89.stderr.txt
20260907T234421-992723Z-c-aa07e4,lookupinvoice,c,mesh,2026-09-07T23:44:21.993700+00:00,2026-09-07T23:44:22.468041+00:00,0.47428560000116704,0,20260907T234421-992723Z-c-aa07e4.sh,20260907T234421-992723Z-c-aa07e4.stdout.txt,20260907T234421-992723Z-c-aa07e4.stderr.txt
20260907T234422-469993Z-c-1283cc,addinvoice,c,mesh,2026-09-07T23:44:22.469993+00:00,2026-09-07T23:44:22.964149+00:00,0.49251360000016575,0,20260907T234422-469993Z-c-1283cc.sh,20260907T234422-469993Z-c-1283cc.stdout.txt,20260907T234422-469993Z-c-1283cc.stderr.txt
20260907T234422-965129Z-b-ae96ec,payment-chain-running-b-c-13,b,mesh,2026-09-07T23:44:22.966137+00:00,2026-09-07T23:44:23.692997+00:00,0.7268958999993629,0,20260907T234422-965129Z-b-ae96ec.sh,20260907T234422-965129Z-b-ae96ec.stdout.txt,20260907T234422-965129Z-b-ae96ec.stderr.txt
20260907T234423-694952Z-c-21c6d3,lookupinvoice,c,mesh,2026-09-07T23:44:23.694952+00:00,2026-09-07T23:44:24.154900+00:00,0.45916789999864704,0,20260907T234423-694952Z-c-21c6d3.sh,20260907T234423-694952Z-c-21c6d3.stdout.txt,20260907T234423-694952Z-c-21c6d3.stderr.txt
20260907T234424-156405Z-c-c9cbc2,addinvoice,c,mesh,2026-09-07T23:44:24.156405+00:00,2026-09-07T23:44:24.908316+00:00,0.751263399999516,0,20260907T234424-156405Z-c-c9cbc2.sh,20260907T234424-156405Z-c-c9cbc2.stdout.txt,20260907T234424-156405Z-c-c9cbc2.stderr.txt
20260907T234424-909293Z-b-2be1f8,payment-chain-running-b-c-14,b,mesh,2026-09-07T23:44:24.909293+00:00,2026-09-07T23:44:25.923201+00:00,1.0133495999998559,0,20260907T234424-909293Z-b-2be1f8.sh,20260907T234424-909293Z-b-2be1f8.stdout.txt,20260907T234424-909293Z-b-2be1f8.stderr.txt
20260907T234425-924180Z-c-caa326,lookupinvoice,c,mesh,2026-09-07T23:44:25.925157+00:00,2026-09-07T23:44:26.761403+00:00,0.8362902000008035,0,20260907T234425-924180Z-c-caa326.sh,20260907T234425-924180Z-c-caa326.stdout.txt,20260907T234425-924180Z-c-caa326.stderr.txt
20260907T234426-763356Z-c-859399,addinvoice,c,mesh,2026-09-07T23:44:26.764330+00:00,2026-09-07T23:44:27.443019+00:00,0.6783919999998034,0,20260907T234426-763356Z-c-859399.sh,20260907T234426-763356Z-c-859399.stdout.txt,20260907T234426-763356Z-c-859399.stderr.txt
20260907T234427-443996Z-b-35091e,payment-chain-running-b-c-15,b,mesh,2026-09-07T23:44:27.443996+00:00,2026-09-07T23:44:29.057567+00:00,1.6126807999989978,0,20260907T234427-443996Z-b-35091e.sh,20260907T234427-443996Z-b-35091e.stdout.txt,20260907T234427-443996Z-b-35091e.stderr.txt
20260907T234429-058547Z-c-1f4158,lookupinvoice,c,mesh,2026-09-07T23:44:29.058547+00:00,2026-09-07T23:44:29.731105+00:00,0.6720901000007871,0,20260907T234429-058547Z-c-1f4158.sh,20260907T234429-058547Z-c-1f4158.stdout.txt,20260907T234429-058547Z-c-1f4158.stderr.txt
20260907T234429-733058Z-c-69e547,addinvoice,c,mesh,2026-09-07T23:44:29.733058+00:00,2026-09-07T23:44:30.243378+00:00,0.5093159999996715,0,20260907T234429-733058Z-c-69e547.sh,20260907T234429-733058Z-c-69e547.stdout.txt,20260907T234429-733058Z-c-69e547.stderr.txt
20260907T234430-244355Z-b-f39960,payment-chain-running-b-c-16,b,mesh,2026-09-07T23:44:30.244355+00:00,2026-09-07T23:44:31.244329+00:00,0.9990768000006938,0,20260907T234430-244355Z-b-f39960.sh,20260907T234430-244355Z-b-f39960.stdout.txt,20260907T234430-244355Z-b-f39960.stderr.txt
20260907T234431-245305Z-c-fe1d5b,lookupinvoice,c,mesh,2026-09-07T23:44:31.245305+00:00,2026-09-07T23:44:31.950459+00:00,0.7039681000005658,0,20260907T234431-245305Z-c-fe1d5b.sh,20260907T234431-245305Z-c-fe1d5b.stdout.txt,20260907T234431-245305Z-c-fe1d5b.stderr.txt
20260907T234431-951436Z-c-8eb4e1,addinvoice,c,mesh,2026-09-07T23:44:31.952415+00:00,2026-09-07T23:44:32.570519+00:00,0.6186608999996679,0,20260907T234431-951436Z-c-8eb4e1.sh,20260907T234431-951436Z-c-8eb4e1.stdout.txt,20260907T234431-951436Z-c-8eb4e1.stderr.txt
20260907T234432-572473Z-b-26f601,payment-chain-running-b-c-17,b,mesh,2026-09-07T23:44:32.572473+00:00,2026-09-07T23:44:33.340513+00:00,0.7668343999994249,0,20260907T234432-572473Z-b-26f601.sh,20260907T234432-572473Z-b-26f601.stdout.txt,20260907T234432-572473Z-b-26f601.stderr.txt
20260907T234433-341493Z-c-275bf7,lookupinvoice,c,mesh,2026-09-07T23:44:33.341493+00:00,2026-09-07T23:44:33.805242+00:00,0.46272250000038184,0,20260907T234433-341493Z-c-275bf7.sh,20260907T234433-341493Z-c-275bf7.stdout.txt,20260907T234433-341493Z-c-275bf7.stderr.txt
20260907T234433-806772Z-c-bbde78,addinvoice,c,mesh,2026-09-07T23:44:33.806772+00:00,2026-09-07T23:44:34.280206+00:00,0.47285310000006575,0,20260907T234433-806772Z-c-bbde78.sh,20260907T234433-806772Z-c-bbde78.stdout.txt,20260907T234433-806772Z-c-bbde78.stderr.txt
20260907T234434-281183Z-b-f6d680,payment-chain-running-b-c-18,b,mesh,2026-09-07T23:44:34.282159+00:00,2026-09-07T23:44:35.034342+00:00,0.7521797999997943,0,20260907T234434-281183Z-b-f6d680.sh,20260907T234434-281183Z-b-f6d680.stdout.txt,20260907T234434-281183Z-b-f6d680.stderr.txt
20260907T234435-035316Z-c-096216,lookupinvoice,c,mesh,2026-09-07T23:44:35.036324+00:00,2026-09-07T23:44:35.516563+00:00,0.4803530999997747,0,20260907T234435-035316Z-c-096216.sh,20260907T234435-035316Z-c-096216.stdout.txt,20260907T234435-035316Z-c-096216.stderr.txt
20260907T234435-518526Z-c-0cf468,addinvoice,c,mesh,2026-09-07T23:44:35.518526+00:00,2026-09-07T23:44:35.980633+00:00,0.46137219999945955,0,20260907T234435-518526Z-c-0cf468.sh,20260907T234435-518526Z-c-0cf468.stdout.txt,20260907T234435-518526Z-c-0cf468.stderr.txt
20260907T234435-981611Z-b-0f753d,payment-chain-running-b-c-19,b,mesh,2026-09-07T23:44:35.982584+00:00,2026-09-07T23:44:36.834322+00:00,0.8522074000011344,0,20260907T234435-981611Z-b-0f753d.sh,20260907T234435-981611Z-b-0f753d.stdout.txt,20260907T234435-981611Z-b-0f753d.stderr.txt
20260907T234436-835295Z-c-8f3569,lookupinvoice,c,mesh,2026-09-07T23:44:36.835295+00:00,2026-09-07T23:44:40.175717+00:00,3.33929309999985,0,20260907T234436-835295Z-c-8f3569.sh,20260907T234436-835295Z-c-8f3569.stdout.txt,20260907T234436-835295Z-c-8f3569.stderr.txt
20260907T234440-177704Z-c-0046a8,addinvoice,c,mesh,2026-09-07T23:44:40.177704+00:00,2026-09-07T23:44:40.893495+00:00,0.7147103999996034,0,20260907T234440-177704Z-c-0046a8.sh,20260907T234440-177704Z-c-0046a8.stdout.txt,20260907T234440-177704Z-c-0046a8.stderr.txt
20260907T234440-894475Z-b-a27a53,payment-chain-running-b-c-20,b,mesh,2026-09-07T23:44:40.894475+00:00,2026-09-07T23:44:42.244855+00:00,1.3498935000006895,0,20260907T234440-894475Z-b-a27a53.sh,20260907T234440-894475Z-b-a27a53.stdout.txt,20260907T234440-894475Z-b-a27a53.stderr.txt
20260907T234442-245830Z-c-0b034d,lookupinvoice,c,mesh,2026-09-07T23:44:42.246834+00:00,2026-09-07T23:44:42.950990+00:00,0.7038083000006736,0,20260907T234442-245830Z-c-0b034d.sh,20260907T234442-245830Z-c-0b034d.stdout.txt,20260907T234442-245830Z-c-0b034d.stderr.txt
20260907T234442-951970Z-c-c3a4c0,addinvoice,c,mesh,2026-09-07T23:44:42.952946+00:00,2026-09-07T23:44:43.460811+00:00,0.5074552999994921,0,20260907T234442-951970Z-c-c3a4c0.sh,20260907T234442-951970Z-c-c3a4c0.stdout.txt,20260907T234442-951970Z-c-c3a4c0.stderr.txt
20260907T234443-461791Z-b-7ecc58,payment-chain-running-b-c-21,b,mesh,2026-09-07T23:44:43.462767+00:00,2026-09-07T23:44:44.319834+00:00,0.8570218000004388,0,20260907T234443-461791Z-b-7ecc58.sh,20260907T234443-461791Z-b-7ecc58.stdout.txt,20260907T234443-461791Z-b-7ecc58.stderr.txt
20260907T234444-320810Z-c-9013ad,lookupinvoice,c,mesh,2026-09-07T23:44:44.320810+00:00,2026-09-07T23:44:44.778775+00:00,0.45768069999940053,0,20260907T234444-320810Z-c-9013ad.sh,20260907T234444-320810Z-c-9013ad.stdout.txt,20260907T234444-320810Z-c-9013ad.stderr.txt
20260907T234444-780728Z-c-def297,addinvoice,c,mesh,2026-09-07T23:44:44.780728+00:00,2026-09-07T23:44:45.337030+00:00,0.5558806999997614,0,20260907T234444-780728Z-c-def297.sh,20260907T234444-780728Z-c-def297.stdout.txt,20260907T234444-780728Z-c-def297.stderr.txt
20260907T234445-338011Z-b-dfc5d3,payment-chain-running-b-c-22,b,mesh,2026-09-07T23:44:45.338991+00:00,2026-09-07T23:44:46.085666+00:00,0.7469409999994241,0,20260907T234445-338011Z-b-dfc5d3.sh,20260907T234445-338011Z-b-dfc5d3.stdout.txt,20260907T234445-338011Z-b-dfc5d3.stderr.txt
20260907T234446-087169Z-c-e29b05,lookupinvoice,c,mesh,2026-09-07T23:44:46.088149+00:00,2026-09-07T23:44:46.555616+00:00,0.4666466999988188,0,20260907T234446-087169Z-c-e29b05.sh,20260907T234446-087169Z-c-e29b05.stdout.txt,20260907T234446-087169Z-c-e29b05.stderr.txt
20260907T234446-555616Z-c-1e8fae,addinvoice,c,mesh,2026-09-07T23:44:46.557123+00:00,2026-09-07T23:44:50.108999+00:00,3.55203900000015,0,20260907T234446-555616Z-c-1e8fae.sh,20260907T234446-555616Z-c-1e8fae.stdout.txt,20260907T234446-555616Z-c-1e8fae.stderr.txt
20260907T234450-110953Z-b-36cfe9,payment-chain-running-b-c-23,b,mesh,2026-09-07T23:44:50.110953+00:00,2026-09-07T23:44:51.270884+00:00,1.1596779000010429,0,20260907T234450-110953Z-b-36cfe9.sh,20260907T234450-110953Z-b-36cfe9.stdout.txt,20260907T234450-110953Z-b-36cfe9.stderr.txt
20260907T234451-272834Z-c-963017,lookupinvoice,c,mesh,2026-09-07T23:44:51.272834+00:00,2026-09-07T23:44:52.067153+00:00,0.7937552000003052,0,20260907T234451-272834Z-c-963017.sh,20260907T234451-272834Z-c-963017.stdout.txt,20260907T234451-272834Z-c-963017.stderr.txt
20260907T234452-068136Z-c-8e07ee,addinvoice,c,mesh,2026-09-07T23:44:52.069109+00:00,2026-09-07T23:44:52.771759+00:00,0.7022152000008646,0,20260907T234452-068136Z-c-8e07ee.sh,20260907T234452-068136Z-c-8e07ee.stdout.txt,20260907T234452-068136Z-c-8e07ee.stderr.txt
20260907T234452-772733Z-b-bdc9d4,payment-chain-running-b-c-24,b,mesh,2026-09-07T23:44:52.773709+00:00,2026-09-07T23:44:53.877984+00:00,1.1040548000000854,0,20260907T234452-772733Z-b-bdc9d4.sh,20260907T234452-772733Z-b-bdc9d4.stdout.txt,20260907T234452-772733Z-b-bdc9d4.stderr.txt
20260907T234453-878959Z-c-fef893,lookupinvoice,c,mesh,2026-09-07T23:44:53.878959+00:00,2026-09-07T23:44:54.512268+00:00,0.6325871000008192,0,20260907T234453-878959Z-c-fef893.sh,20260907T234453-878959Z-c-fef893.stdout.txt,20260907T234453-878959Z-c-fef893.stderr.txt
20260907T234454-514221Z-c-9a2c9d,addinvoice,c,mesh,2026-09-07T23:44:54.514221+00:00,2026-09-07T23:44:55.160331+00:00,0.6451777999991464,0,20260907T234454-514221Z-c-9a2c9d.sh,20260907T234454-514221Z-c-9a2c9d.stdout.txt,20260907T234454-514221Z-c-9a2c9d.stderr.txt
20260907T234455-161306Z-b-e77a64,payment-chain-running-b-c-25,b,mesh,2026-09-07T23:44:55.161306+00:00,2026-09-07T23:44:56.253075+00:00,1.0914884000012535,0,20260907T234455-161306Z-b-e77a64.sh,20260907T234455-161306Z-b-e77a64.stdout.txt,20260907T234455-161306Z-b-e77a64.stderr.txt
20260907T234456-255024Z-c-89c599,lookupinvoice,c,mesh,2026-09-07T23:44:56.255024+00:00,2026-09-07T23:44:59.810902+00:00,3.555926200000613,0,20260907T234456-255024Z-c-89c599.sh,20260907T234456-255024Z-c-89c599.stdout.txt,20260907T234456-255024Z-c-89c599.stderr.txt
20260907T234459-812856Z-c-329aa4,addinvoice,c,mesh,2026-09-07T23:44:59.812856+00:00,2026-09-07T23:45:00.714827+00:00,0.9011190000001079,0,20260907T234459-812856Z-c-329aa4.sh,20260907T234459-812856Z-c-329aa4.stdout.txt,20260907T234459-812856Z-c-329aa4.stderr.txt
20260907T234500-715803Z-b-b2c572,payment-chain-running-b-c-26,b,mesh,2026-09-07T23:45:00.715803+00:00,2026-09-07T23:45:01.941625+00:00,1.2251754999997502,0,20260907T234500-715803Z-b-b2c572.sh,20260907T234500-715803Z-b-b2c572.stdout.txt,20260907T234500-715803Z-b-b2c572.stderr.txt
20260907T234501-942600Z-c-332dcc,lookupinvoice,c,mesh,2026-09-07T23:45:01.943576+00:00,2026-09-07T23:45:02.696402+00:00,0.752770099999907,0,20260907T234501-942600Z-c-332dcc.sh,20260907T234501-942600Z-c-332dcc.stdout.txt,20260907T234501-942600Z-c-332dcc.stderr.txt
20260907T234502-697405Z-c-e55120,addinvoice,c,mesh,2026-09-07T23:45:02.698387+00:00,2026-09-07T23:45:03.463433+00:00,0.7648334000004979,0,20260907T234502-697405Z-c-e55120.sh,20260907T234502-697405Z-c-e55120.stdout.txt,20260907T234502-697405Z-c-e55120.stderr.txt
20260907T234503-464410Z-b-9cb11c,payment-chain-running-b-c-27,b,mesh,2026-09-07T23:45:03.465386+00:00,2026-09-07T23:45:04.718421+00:00,1.2532519999986107,0,20260907T234503-464410Z-b-9cb11c.sh,20260907T234503-464410Z-b-9cb11c.stdout.txt,20260907T234503-464410Z-b-9cb11c.stderr.txt
20260907T234504-720375Z-c-625062,lookupinvoice,c,mesh,2026-09-07T23:45:04.720375+00:00,2026-09-07T23:45:05.686564+00:00,0.9658820999993623,0,20260907T234504-720375Z-c-625062.sh,20260907T234504-720375Z-c-625062.stdout.txt,20260907T234504-720375Z-c-625062.stderr.txt
20260907T234505-687568Z-c-965bf7,addinvoice,c,mesh,2026-09-07T23:45:05.688548+00:00,2026-09-07T23:45:06.434229+00:00,0.7453698999997869,0,20260907T234505-687568Z-c-965bf7.sh,20260907T234505-687568Z-c-965bf7.stdout.txt,20260907T234505-687568Z-c-965bf7.stderr.txt
20260907T234506-435208Z-b-0bceb3,payment-chain-running-b-c-28,b,mesh,2026-09-07T23:45:06.436182+00:00,2026-09-07T23:45:10.387727+00:00,3.950903599999947,0,20260907T234506-435208Z-b-0bceb3.sh,20260907T234506-435208Z-b-0bceb3.stdout.txt,20260907T234506-435208Z-b-0bceb3.stderr.txt
20260907T234510-388707Z-c-546d61,lookupinvoice,c,mesh,2026-09-07T23:45:10.388707+00:00,2026-09-07T23:45:11.182897+00:00,0.7939757000003738,0,20260907T234510-388707Z-c-546d61.sh,20260907T234510-388707Z-c-546d61.stdout.txt,20260907T234510-388707Z-c-546d61.stderr.txt
20260907T234511-184851Z-c-d2d257,addinvoice,c,mesh,2026-09-07T23:45:11.184851+00:00,2026-09-07T23:45:11.727993+00:00,0.5428117999999813,0,20260907T234511-184851Z-c-d2d257.sh,20260907T234511-184851Z-c-d2d257.stdout.txt,20260907T234511-184851Z-c-d2d257.stderr.txt
20260907T234511-729954Z-b-2f3ed3,payment-chain-running-b-c-29,b,mesh,2026-09-07T23:45:11.729954+00:00,2026-09-07T23:45:12.746624+00:00,1.0159653999999136,0,20260907T234511-729954Z-b-2f3ed3.sh,20260907T234511-729954Z-b-2f3ed3.stdout.txt,20260907T234511-729954Z-b-2f3ed3.stderr.txt
20260907T234512-748612Z-c-e4ec16,lookupinvoice,c,mesh,2026-09-07T23:45:12.749589+00:00,2026-09-07T23:45:13.299065+00:00,0.5495383999987098,0,20260907T234512-748612Z-c-e4ec16.sh,20260907T234512-748612Z-c-e4ec16.stdout.txt,20260907T234512-748612Z-c-e4ec16.stderr.txt
20260907T234513-301019Z-c-82fa6d,addinvoice,c,mesh,2026-09-07T23:45:13.301019+00:00,2026-09-07T23:45:14.070993+00:00,0.769649700001537,0,20260907T234513-301019Z-c-82fa6d.sh,20260907T234513-301019Z-c-82fa6d.stdout.txt,20260907T234513-301019Z-c-82fa6d.stderr.txt
20260907T234514-072946Z-b-35abc4,payment-chain-running-b-c-30,b,mesh,2026-09-07T23:45:14.072946+00:00,2026-09-07T23:45:15.206551+00:00,1.1333493999991333,0,20260907T234514-072946Z-b-35abc4.sh,20260907T234514-072946Z-b-35abc4.stdout.txt,20260907T234514-072946Z-b-35abc4.stderr.txt
20260907T234515-208056Z-c-358405,lookupinvoice,c,mesh,2026-09-07T23:45:15.209037+00:00,2026-09-07T23:45:15.750124+00:00,0.5413501000002725,0,20260907T234515-208056Z-c-358405.sh,20260907T234515-208056Z-c-358405.stdout.txt,20260907T234515-208056Z-c-358405.stderr.txt
20260907T234515-752077Z-a-b494d3,addinvoice,a,mesh,2026-09-07T23:45:15.752077+00:00,2026-09-07T23:45:16.070732+00:00,0.3179066000011517,0,20260907T234515-752077Z-a-b494d3.sh,20260907T234515-752077Z-a-b494d3.stdout.txt,20260907T234515-752077Z-a-b494d3.stderr.txt
20260907T234516-071710Z-b-3addb8,payment-chain-running-b-a-1,b,mesh,2026-09-07T23:45:16.072687+00:00,2026-09-07T23:45:17.163112+00:00,1.090173100001266,0,20260907T234516-071710Z-b-3addb8.sh,20260907T234516-071710Z-b-3addb8.stdout.txt,20260907T234516-071710Z-b-3addb8.stderr.txt
20260907T234517-164088Z-a-92bc19,lookupinvoice,a,mesh,2026-09-07T23:45:17.165065+00:00,2026-09-07T23:45:20.123088+00:00,2.9575855000002775,0,20260907T234517-164088Z-a-92bc19.sh,20260907T234517-164088Z-a-92bc19.stdout.txt,20260907T234517-164088Z-a-92bc19.stderr.txt
20260907T234520-124066Z-a-46eb54,addinvoice,a,mesh,2026-09-07T23:45:20.125039+00:00,2026-09-07T23:45:20.429026+00:00,0.3040187999995396,0,20260907T234520-124066Z-a-46eb54.sh,20260907T234520-124066Z-a-46eb54.stdout.txt,20260907T234520-124066Z-a-46eb54.stderr.txt
20260907T234520-430982Z-b-23ccc4,payment-chain-running-b-a-2,b,mesh,2026-09-07T23:45:20.430982+00:00,2026-09-07T23:45:21.564920+00:00,1.1336294000011549,0,20260907T234520-430982Z-b-23ccc4.sh,20260907T234520-430982Z-b-23ccc4.stdout.txt,20260907T234520-430982Z-b-23ccc4.stderr.txt
20260907T234521-565900Z-a-ec3905,lookupinvoice,a,mesh,2026-09-07T23:45:21.566875+00:00,2026-09-07T23:45:21.881060+00:00,0.3136988999995083,0,20260907T234521-565900Z-a-ec3905.sh,20260907T234521-565900Z-a-ec3905.stdout.txt,20260907T234521-565900Z-a-ec3905.stderr.txt
20260907T234521-882042Z-a-091e2f,addinvoice,a,mesh,2026-09-07T23:45:21.883016+00:00,2026-09-07T23:45:22.191965+00:00,0.30837940000128583,0,20260907T234521-882042Z-a-091e2f.sh,20260907T234521-882042Z-a-091e2f.stdout.txt,20260907T234521-882042Z-a-091e2f.stderr.txt
20260907T234522-192939Z-b-12614c,payment-chain-running-b-a-3,b,mesh,2026-09-07T23:45:22.192939+00:00,2026-09-07T23:45:23.444132+00:00,1.2507365999990725,0,20260907T234522-192939Z-b-12614c.sh,20260907T234522-192939Z-b-12614c.stdout.txt,20260907T234522-192939Z-b-12614c.stderr.txt
20260907T234523-445108Z-a-83e944,lookupinvoice,a,mesh,2026-09-07T23:45:23.446086+00:00,2026-09-07T23:45:23.746032+00:00,0.29997069999990345,0,20260907T234523-445108Z-a-83e944.sh,20260907T234523-445108Z-a-83e944.stdout.txt,20260907T234523-445108Z-a-83e944.stderr.txt
20260907T234523-747009Z-a-68df95,addinvoice,a,mesh,2026-09-07T23:45:23.748013+00:00,2026-09-07T23:45:24.049133+00:00,0.30067400000007183,0,20260907T234523-747009Z-a-68df95.sh,20260907T234523-747009Z-a-68df95.stdout.txt,20260907T234523-747009Z-a-68df95.stderr.txt
20260907T234524-050108Z-b-4840a3,payment-chain-running-b-a-4,b,mesh,2026-09-07T23:45:24.050108+00:00,2026-09-07T23:45:25.479154+00:00,1.428597300000547,0,20260907T234524-050108Z-b-4840a3.sh,20260907T234524-050108Z-b-4840a3.stdout.txt,20260907T234524-050108Z-b-4840a3.stderr.txt
20260907T234525-480127Z-a-3160c8,lookupinvoice,a,mesh,2026-09-07T23:45:25.481105+00:00,2026-09-07T23:45:25.771057+00:00,0.2892165000012028,0,20260907T234525-480127Z-a-3160c8.sh,20260907T234525-480127Z-a-3160c8.stdout.txt,20260907T234525-480127Z-a-3160c8.stderr.txt
20260907T234525-772100Z-a-b580df,addinvoice,a,mesh,2026-09-07T23:45:25.772636+00:00,2026-09-07T23:45:26.064382+00:00,0.2911397999996552,0,20260907T234525-772100Z-a-b580df.sh,20260907T234525-772100Z-a-b580df.stdout.txt,20260907T234525-772100Z-a-b580df.stderr.txt
20260907T234526-065357Z-b-b89e8e,payment-chain-running-b-a-5,b,mesh,2026-09-07T23:45:26.065357+00:00,2026-09-07T23:45:27.282126+00:00,1.2156031999984407,0,20260907T234526-065357Z-b-b89e8e.sh,20260907T234526-065357Z-b-b89e8e.stdout.txt,20260907T234526-065357Z-b-b89e8e.stderr.txt
20260907T234527-283102Z-a-2461bd,lookupinvoice,a,mesh,2026-09-07T23:45:27.283102+00:00,2026-09-07T23:45:30.276082+00:00,2.9921426000000793,0,20260907T234527-283102Z-a-2461bd.sh,20260907T234527-283102Z-a-2461bd.stdout.txt,20260907T234527-283102Z-a-2461bd.stderr.txt
20260907T234530-277059Z-a-28a098,addinvoice,a,mesh,2026-09-07T23:45:30.277059+00:00,2026-09-07T23:45:30.573166+00:00,0.29464720000032685,0,20260907T234530-277059Z-a-28a098.sh,20260907T234530-277059Z-a-28a098.stdout.txt,20260907T234530-277059Z-a-28a098.stderr.txt
20260907T234530-574142Z-b-eb2447,payment-chain-running-b-a-6,b,mesh,2026-09-07T23:45:30.574142+00:00,2026-09-07T23:45:31.642174+00:00,1.0674247999995714,0,20260907T234530-574142Z-b-eb2447.sh,20260907T234530-574142Z-b-eb2447.stdout.txt,20260907T234530-574142Z-b-eb2447.stderr.txt
20260907T234531-643149Z-a-a2221c,lookupinvoice,a,mesh,2026-09-07T23:45:31.644126+00:00,2026-09-07T23:45:31.931625+00:00,0.2872429999988526,0,20260907T234531-643149Z-a-a2221c.sh,20260907T234531-643149Z-a-a2221c.stdout.txt,20260907T234531-643149Z-a-a2221c.stderr.txt
20260907T234531-932605Z-a-8d52dd,addinvoice,a,mesh,2026-09-07T23:45:31.933581+00:00,2026-09-07T23:45:32.229359+00:00,0.2955719000001409,0,20260907T234531-932605Z-a-8d52dd.sh,20260907T234531-932605Z-a-8d52dd.stdout.txt,20260907T234531-932605Z-a-8d52dd.stderr.txt
20260907T234532-230336Z-b-9d687b,payment-chain-running-b-a-7,b,mesh,2026-09-07T23:45:32.231313+00:00,2026-09-07T23:45:33.420300+00:00,1.1884829999999056,0,20260907T234532-230336Z-b-9d687b.sh,20260907T234532-230336Z-b-9d687b.stdout.txt,20260907T234532-230336Z-b-9d687b.stderr.txt
20260907T234533-421278Z-a-47b22f,lookupinvoice,a,mesh,2026-09-07T23:45:33.421278+00:00,2026-09-07T23:45:33.720385+00:00,0.29795869999907154,0,20260907T234533-421278Z-a-47b22f.sh,20260907T234533-421278Z-a-47b22f.stdout.txt,20260907T234533-421278Z-a-47b22f.stderr.txt
20260907T234533-721365Z-a-0786f1,addinvoice,a,mesh,2026-09-07T23:45:33.722342+00:00,2026-09-07T23:45:34.025312+00:00,0.3027265000000625,0,20260907T234533-721365Z-a-0786f1.sh,20260907T234533-721365Z-a-0786f1.stdout.txt,20260907T234533-721365Z-a-0786f1.stderr.txt
20260907T234534-026292Z-b-3506b8,payment-chain-running-b-a-8,b,mesh,2026-09-07T23:45:34.027268+00:00,2026-09-07T23:45:35.121729+00:00,1.0947582999997394,0,20260907T234534-026292Z-b-3506b8.sh,20260907T234534-026292Z-b-3506b8.stdout.txt,20260907T234534-026292Z-b-3506b8.stderr.txt
20260907T234535-122704Z-a-623ba3,lookupinvoice,a,mesh,2026-09-07T23:45:35.123686+00:00,2026-09-07T23:45:35.456425+00:00,0.3325738999992609,0,20260907T234535-122704Z-a-623ba3.sh,20260907T234535-122704Z-a-623ba3.stdout.txt,20260907T234535-122704Z-a-623ba3.stderr.txt
20260907T234535-457402Z-a-566407,addinvoice,a,mesh,2026-09-07T23:45:35.458410+00:00,2026-09-07T23:45:35.760800+00:00,0.30255120000038005,0,20260907T234535-457402Z-a-566407.sh,20260907T234535-457402Z-a-566407.stdout.txt,20260907T234535-457402Z-a-566407.stderr.txt
20260907T234535-761777Z-b-9ccbf4,payment-chain-running-b-a-9,b,mesh,2026-09-07T23:45:35.762757+00:00,2026-09-07T23:45:36.950462+00:00,1.1878467000005912,0,20260907T234535-761777Z-b-9ccbf4.sh,20260907T234535-761777Z-b-9ccbf4.stdout.txt,20260907T234535-761777Z-b-9ccbf4.stderr.txt
20260907T234536-952417Z-a-dbbaf5,lookupinvoice,a,mesh,2026-09-07T23:45:36.952417+00:00,2026-09-07T23:45:37.239643+00:00,0.28720550000070943,0,20260907T234536-952417Z-a-dbbaf5.sh,20260907T234536-952417Z-a-dbbaf5.stdout.txt,20260907T234536-952417Z-a-dbbaf5.stderr.txt
20260907T234537-241604Z-a-74bd2e,addinvoice,a,mesh,2026-09-07T23:45:37.242579+00:00,2026-09-07T23:45:40.200777+00:00,2.957833299999038,0,20260907T234537-241604Z-a-74bd2e.sh,20260907T234537-241604Z-a-74bd2e.stdout.txt,20260907T234537-241604Z-a-74bd2e.stderr.txt
20260907T234540-201754Z-b-ae932c,payment-chain-running-b-a-10,b,mesh,2026-09-07T23:45:40.201754+00:00,2026-09-07T23:45:41.609678+00:00,1.4074995999999373,0,20260907T234540-201754Z-b-ae932c.sh,20260907T234540-201754Z-b-ae932c.stdout.txt,20260907T234540-201754Z-b-ae932c.stderr.txt
20260907T234541-610654Z-a-8a9fb0,lookupinvoice,a,mesh,2026-09-07T23:45:41.611629+00:00,2026-09-07T23:45:41.952580+00:00,0.34056039999995846,0,20260907T234541-610654Z-a-8a9fb0.sh,20260907T234541-610654Z-a-8a9fb0.stdout.txt,20260907T234541-610654Z-a-8a9fb0.stderr.txt
20260907T234541-953570Z-a-c1afae,addinvoice,a,mesh,2026-09-07T23:45:41.954536+00:00,2026-09-07T23:45:42.253634+00:00,0.2989349999988917,0,20260907T234541-953570Z-a-c1afae.sh,20260907T234541-953570Z-a-c1afae.stdout.txt,20260907T234541-953570Z-a-c1afae.stderr.txt
20260907T234542-254611Z-b-67e683,payment-chain-running-b-a-11,b,mesh,2026-09-07T23:45:42.254611+00:00,2026-09-07T23:45:43.667891+00:00,1.4128054000011616,0,20260907T234542-254611Z-b-67e683.sh,20260907T234542-254611Z-b-67e683.stdout.txt,20260907T234542-254611Z-b-67e683.stderr.txt
20260907T234543-669879Z-a-9ed93f,lookupinvoice,a,mesh,2026-09-07T23:45:43.669879+00:00,2026-09-07T23:45:43.962630+00:00,0.2921363999994355,0,20260907T234543-669879Z-a-9ed93f.sh,20260907T234543-669879Z-a-9ed93f.stdout.txt,20260907T234543-669879Z-a-9ed93f.stderr.txt
20260907T234543-963606Z-a-4a413e,addinvoice,a,mesh,2026-09-07T23:45:43.964582+00:00,2026-09-07T23:45:44.265558+00:00,0.3007775000005495,0,20260907T234543-963606Z-a-4a413e.sh,20260907T234543-963606Z-a-4a413e.stdout.txt,20260907T234543-963606Z-a-4a413e.stderr.txt
20260907T234544-266532Z-b-7d071d,payment-chain-running-b-a-12,b,mesh,2026-09-07T23:45:44.267512+00:00,2026-09-07T23:45:45.636926+00:00,1.3690339000004315,0,20260907T234544-266532Z-b-7d071d.sh,20260907T234544-266532Z-b-7d071d.stdout.txt,20260907T234544-266532Z-b-7d071d.stderr.txt
20260907T234545-637904Z-a-f3eb5f,lookupinvoice,a,mesh,2026-09-07T23:45:45.637904+00:00,2026-09-07T23:45:45.933072+00:00,0.29415030000018305,0,20260907T234545-637904Z-a-f3eb5f.sh,20260907T234545-637904Z-a-f3eb5f.stdout.txt,20260907T234545-637904Z-a-f3eb5f.stderr.txt
20260907T234545-934047Z-a-7e2a14,addinvoice,a,mesh,2026-09-07T23:45:45.935026+00:00,2026-09-07T23:45:46.237525+00:00,0.3029927999996289,0,20260907T234545-934047Z-a-7e2a14.sh,20260907T234545-934047Z-a-7e2a14.stdout.txt,20260907T234545-934047Z-a-7e2a14.stderr.txt
20260907T234546-239029Z-b-7faad8,payment-chain-running-b-a-13,b,mesh,2026-09-07T23:45:46.240013+00:00,2026-09-07T23:45:47.336741+00:00,1.096452900001168,0,20260907T234546-239029Z-b-7faad8.sh,20260907T234546-239029Z-b-7faad8.stdout.txt,20260907T234546-239029Z-b-7faad8.stderr.txt
20260907T234547-337719Z-a-4d8deb,lookupinvoice,a,mesh,2026-09-07T23:45:47.337719+00:00,2026-09-07T23:45:50.330877+00:00,2.9916362999993,0,20260907T234547-337719Z-a-4d8deb.sh,20260907T234547-337719Z-a-4d8deb.stdout.txt,20260907T234547-337719Z-a-4d8deb.stderr.txt
20260907T234550-331857Z-a-551b05,addinvoice,a,mesh,2026-09-07T23:45:50.332832+00:00,2026-09-07T23:45:50.645015+00:00,0.311748300000545,0,20260907T234550-331857Z-a-551b05.sh,20260907T234550-331857Z-a-551b05.stdout.txt,20260907T234550-331857Z-a-551b05.stderr.txt
20260907T234550-645993Z-b-d78698,payment-chain-running-b-a-14,b,mesh,2026-09-07T23:45:50.645993+00:00,2026-09-07T23:45:51.800015+00:00,1.1533834999991086,0,20260907T234550-645993Z-b-d78698.sh,20260907T234550-645993Z-b-d78698.stdout.txt,20260907T234550-645993Z-b-d78698.stderr.txt
20260907T234551-800985Z-a-379757,lookupinvoice,a,mesh,2026-09-07T23:45:51.801964+00:00,2026-09-07T23:45:52.107858+00:00,0.3061807999984012,0,20260907T234551-800985Z-a-379757.sh,20260907T234551-800985Z-a-379757.stdout.txt,20260907T234551-800985Z-a-379757.stderr.txt
20260907T234552-109361Z-a-f55553,addinvoice,a,mesh,2026-09-07T23:45:52.110343+00:00,2026-09-07T23:45:52.414261+00:00,0.3035111000008328,0,20260907T234552-109361Z-a-f55553.sh,20260907T234552-109361Z-a-f55553.stdout.txt,20260907T234552-109361Z-a-f55553.stderr.txt
20260907T234552-415265Z-b-60d6d4,payment-chain-running-b-a-15,b,mesh,2026-09-07T23:45:52.416249+00:00,2026-09-07T23:45:53.776956+00:00,1.3605936000003567,0,20260907T234552-415265Z-b-60d6d4.sh,20260907T234552-415265Z-b-60d6d4.stdout.txt,20260907T234552-415265Z-b-60d6d4.stderr.txt
20260907T234553-777933Z-a-9f1da1,lookupinvoice,a,mesh,2026-09-07T23:45:53.777933+00:00,2026-09-07T23:45:54.084081+00:00,0.3051942999991297,0,20260907T234553-777933Z-a-9f1da1.sh,20260907T234553-777933Z-a-9f1da1.stdout.txt,20260907T234553-777933Z-a-9f1da1.stderr.txt
20260907T234554-086034Z-a-5e5fbe,addinvoice,a,mesh,2026-09-07T23:45:54.086034+00:00,2026-09-07T23:45:54.390441+00:00,0.3036504000010609,0,20260907T234554-086034Z-a-5e5fbe.sh,20260907T234554-086034Z-a-5e5fbe.stdout.txt,20260907T234554-086034Z-a-5e5fbe.stderr.txt
20260907T234554-391418Z-b-43c4ef,payment-chain-running-b-a-16,b,mesh,2026-09-07T23:45:54.391418+00:00,2026-09-07T23:45:55.589238+00:00,1.1970765000005485,0,20260907T234554-391418Z-b-43c4ef.sh,20260907T234554-391418Z-b-43c4ef.stdout.txt,20260907T234554-391418Z-b-43c4ef.stderr.txt
20260907T234555-590221Z-a-26a7af,lookupinvoice,a,mesh,2026-09-07T23:45:55.591202+00:00,2026-09-07T23:45:55.911498+00:00,0.32011860000056913,0,20260907T234555-590221Z-a-26a7af.sh,20260907T234555-590221Z-a-26a7af.stdout.txt,20260907T234555-590221Z-a-26a7af.stderr.txt
20260907T234555-913446Z-a-d24b62,addinvoice,a,mesh,2026-09-07T23:45:55.913446+00:00,2026-09-07T23:45:56.213407+00:00,0.2992016000007425,0,20260907T234555-913446Z-a-d24b62.sh,20260907T234555-913446Z-a-d24b62.stdout.txt,20260907T234555-913446Z-a-d24b62.stderr.txt
20260907T234556-214384Z-b-607472,payment-chain-running-b-a-17,b,mesh,2026-09-07T23:45:56.215360+00:00,2026-09-07T23:45:57.653348+00:00,1.438091700001678,0,20260907T234556-214384Z-b-607472.sh,20260907T234556-214384Z-b-607472.stdout.txt,20260907T234556-214384Z-b-607472.stderr.txt
20260907T234557-654321Z-a-a83bf7,lookupinvoice,a,mesh,2026-09-07T23:45:57.655301+00:00,2026-09-07T23:46:00.619521+00:00,2.963907900000777,0,20260907T234557-654321Z-a-a83bf7.sh,20260907T234557-654321Z-a-a83bf7.stdout.txt,20260907T234557-654321Z-a-a83bf7.stderr.txt
20260907T234600-621481Z-a-02ea42,addinvoice,a,mesh,2026-09-07T23:46:00.621481+00:00,2026-09-07T23:46:00.943579+00:00,0.3211766999993415,0,20260907T234600-621481Z-a-02ea42.sh,20260907T234600-621481Z-a-02ea42.stdout.txt,20260907T234600-621481Z-a-02ea42.stderr.txt
20260907T234600-944556Z-b-cb99bf,payment-chain-running-b-a-18,b,mesh,2026-09-07T23:46:00.945533+00:00,2026-09-07T23:46:02.171715+00:00,1.226530299998558,0,20260907T234600-944556Z-b-cb99bf.sh,20260907T234600-944556Z-b-cb99bf.stdout.txt,20260907T234600-944556Z-b-cb99bf.stderr.txt
20260907T234602-173665Z-a-bd5da9,lookupinvoice,a,mesh,2026-09-07T23:46:02.173665+00:00,2026-09-07T23:46:02.465572+00:00,0.29170200000044133,0,20260907T234602-173665Z-a-bd5da9.sh,20260907T234602-173665Z-a-bd5da9.stdout.txt,20260907T234602-173665Z-a-bd5da9.stderr.txt
20260907T234602-467523Z-a-4e2ab7,addinvoice,a,mesh,2026-09-07T23:46:02.467523+00:00,2026-09-07T23:46:02.767130+00:00,0.2985583999998198,0,20260907T234602-467523Z-a-4e2ab7.sh,20260907T234602-467523Z-a-4e2ab7.stdout.txt,20260907T234602-467523Z-a-4e2ab7.stderr.txt
20260907T234602-768106Z-b-534945,payment-chain-running-b-a-19,b,mesh,2026-09-07T23:46:02.768106+00:00,2026-09-07T23:46:04.350572+00:00,1.5817434000000503,0,20260907T234602-768106Z-b-534945.sh,20260907T234602-768106Z-b-534945.stdout.txt,20260907T234602-768106Z-b-534945.stderr.txt
20260907T234604-351553Z-a-bc0c28,lookupinvoice,a,mesh,2026-09-07T23:46:04.352529+00:00,2026-09-07T23:46:04.640388+00:00,0.2872623000002932,0,20260907T234604-351553Z-a-bc0c28.sh,20260907T234604-351553Z-a-bc0c28.stdout.txt,20260907T234604-351553Z-a-bc0c28.stderr.txt
20260907T234604-641365Z-a-b6759d,addinvoice,a,mesh,2026-09-07T23:46:04.642342+00:00,2026-09-07T23:46:04.941771+00:00,0.29918150000048627,0,20260907T234604-641365Z-a-b6759d.sh,20260907T234604-641365Z-a-b6759d.stdout.txt,20260907T234604-641365Z-a-b6759d.stderr.txt
20260907T234604-942751Z-b-b64bd7,payment-chain-running-b-a-20,b,mesh,2026-09-07T23:46:04.942751+00:00,2026-09-07T23:46:06.499759+00:00,1.556471199999578,0,20260907T234604-942751Z-b-b64bd7.sh,20260907T234604-942751Z-b-b64bd7.stdout.txt,20260907T234604-942751Z-b-b64bd7.stderr.txt
20260907T234606-500741Z-a-160608,lookupinvoice,a,mesh,2026-09-07T23:46:06.501720+00:00,2026-09-07T23:46:06.815338+00:00,0.31310880000091856,0,20260907T234606-500741Z-a-160608.sh,20260907T234606-500741Z-a-160608.stdout.txt,20260907T234606-500741Z-a-160608.stderr.txt
20260907T234606-816317Z-a-e8039c,addinvoice,a,mesh,2026-09-07T23:46:06.817291+00:00,2026-09-07T23:46:07.109573+00:00,0.29227240000000165,0,20260907T234606-816317Z-a-e8039c.sh,20260907T234606-816317Z-a-e8039c.stdout.txt,20260907T234606-816317Z-a-e8039c.stderr.txt
20260907T234607-110557Z-b-6db984,payment-chain-running-b-a-21,b,mesh,2026-09-07T23:46:07.111534+00:00,2026-09-07T23:46:11.314867+00:00,4.203324000000066,0,20260907T234607-110557Z-b-6db984.sh,20260907T234607-110557Z-b-6db984.stdout.txt,20260907T234607-110557Z-b-6db984.stderr.txt
20260907T234611-316818Z-a-3d2241,lookupinvoice,a,mesh,2026-09-07T23:46:11.316818+00:00,2026-09-07T23:46:11.604588+00:00,0.28729030000067723,0,20260907T234611-316818Z-a-3d2241.sh,20260907T234611-316818Z-a-3d2241.stdout.txt,20260907T234611-316818Z-a-3d2241.stderr.txt
20260907T234611-605562Z-a-cedf07,addinvoice,a,mesh,2026-09-07T23:46:11.606539+00:00,2026-09-07T23:46:11.921896+00:00,0.314757300000565,0,20260907T234611-605562Z-a-cedf07.sh,20260907T234611-605562Z-a-cedf07.stdout.txt,20260907T234611-605562Z-a-cedf07.stderr.txt
20260907T234611-922875Z-b-abd763,payment-chain-running-b-a-22,b,mesh,2026-09-07T23:46:11.922875+00:00,2026-09-07T23:46:13.363603+00:00,1.4401156999992963,0,20260907T234611-922875Z-b-abd763.sh,20260907T234611-922875Z-b-abd763.stdout.txt,20260907T234611-922875Z-b-abd763.stderr.txt
20260907T234613-364576Z-a-2216e2,lookupinvoice,a,mesh,2026-09-07T23:46:13.365554+00:00,2026-09-07T23:46:13.652968+00:00,0.2871398000006593,0,20260907T234613-364576Z-a-2216e2.sh,20260907T234613-364576Z-a-2216e2.stdout.txt,20260907T234613-364576Z-a-2216e2.stderr.txt
20260907T234613-654918Z-a-6371d3,addinvoice,a,mesh,2026-09-07T23:46:13.654918+00:00,2026-09-07T23:46:13.952605+00:00,0.2972148999997444,0,20260907T234613-654918Z-a-6371d3.sh,20260907T234613-654918Z-a-6371d3.stdout.txt,20260907T234613-654918Z-a-6371d3.stderr.txt
20260907T234613-953580Z-b-9aa66c,payment-chain-running-b-a-23,b,mesh,2026-09-07T23:46:13.954555+00:00,2026-09-07T23:46:15.203957+00:00,1.2492240999999922,0,20260907T234613-953580Z-b-9aa66c.sh,20260907T234613-953580Z-b-9aa66c.stdout.txt,20260907T234613-953580Z-b-9aa66c.stderr.txt
20260907T234615-204935Z-a-2606dd,lookupinvoice,a,mesh,2026-09-07T23:46:15.204935+00:00,2026-09-07T23:46:15.502885+00:00,0.29680670000016107,0,20260907T234615-204935Z-a-2606dd.sh,20260907T234615-204935Z-a-2606dd.stdout.txt,20260907T234615-204935Z-a-2606dd.stderr.txt
20260907T234615-503864Z-a-1137b3,addinvoice,a,mesh,2026-09-07T23:46:15.504841+00:00,2026-09-07T23:46:15.819753+00:00,0.3151400000006106,0,20260907T234615-503864Z-a-1137b3.sh,20260907T234615-503864Z-a-1137b3.stdout.txt,20260907T234615-503864Z-a-1137b3.stderr.txt
20260907T234615-820735Z-b-c008d6,payment-chain-running-b-a-24,b,mesh,2026-09-07T23:46:15.821710+00:00,2026-09-07T23:46:17.327683+00:00,1.5055198000009113,0,20260907T234615-820735Z-b-c008d6.sh,20260907T234615-820735Z-b-c008d6.stdout.txt,20260907T234615-820735Z-b-c008d6.stderr.txt
20260907T234617-328660Z-a-16da44,lookupinvoice,a,mesh,2026-09-07T23:46:17.328660+00:00,2026-09-07T23:46:17.658591+00:00,0.329232600000978,0,20260907T234617-328660Z-a-16da44.sh,20260907T234617-328660Z-a-16da44.stdout.txt,20260907T234617-328660Z-a-16da44.stderr.txt
20260907T234617-660095Z-a-681a44,addinvoice,a,mesh,2026-09-07T23:46:17.661077+00:00,2026-09-07T23:46:17.959000+00:00,0.29741460000150255,0,20260907T234617-660095Z-a-681a44.sh,20260907T234617-660095Z-a-681a44.stdout.txt,20260907T234617-660095Z-a-681a44.stderr.txt
20260907T234617-960004Z-b-c7982c,payment-chain-running-b-a-25,b,mesh,2026-09-07T23:46:17.960004+00:00,2026-09-07T23:46:19.262944+00:00,1.3029001999984757,0,20260907T234617-960004Z-b-c7982c.sh,20260907T234617-960004Z-b-c7982c.stdout.txt,20260907T234617-960004Z-b-c7982c.stderr.txt
20260907T234619-264896Z-a-0dd82e,lookupinvoice,a,mesh,2026-09-07T23:46:19.264896+00:00,2026-09-07T23:46:19.553147+00:00,0.2876462000003812,0,20260907T234619-264896Z-a-0dd82e.sh,20260907T234619-264896Z-a-0dd82e.stdout.txt,20260907T234619-264896Z-a-0dd82e.stderr.txt
20260907T234619-554124Z-a-012daf,addinvoice,a,mesh,2026-09-07T23:46:19.555103+00:00,2026-09-07T23:46:19.849902+00:00,0.29501600000003236,0,20260907T234619-554124Z-a-012daf.sh,20260907T234619-554124Z-a-012daf.stdout.txt,20260907T234619-554124Z-a-012daf.stderr.txt
20260907T234619-850887Z-b-62f3a5,payment-chain-running-b-a-26,b,mesh,2026-09-07T23:46:19.851864+00:00,2026-09-07T23:46:21.009141+00:00,1.1563551999988704,0,20260907T234619-850887Z-b-62f3a5.sh,20260907T234619-850887Z-b-62f3a5.stdout.txt,20260907T234619-850887Z-b-62f3a5.stderr.txt
20260907T234621-010148Z-a-667774,lookupinvoice,a,mesh,2026-09-07T23:46:21.010148+00:00,2026-09-07T23:46:21.300933+00:00,0.2903021999991324,0,20260907T234621-010148Z-a-667774.sh,20260907T234621-010148Z-a-667774.stdout.txt,20260907T234621-010148Z-a-667774.stderr.txt
20260907T234621-301913Z-a-a79811,addinvoice,a,mesh,2026-09-07T23:46:21.302886+00:00,2026-09-07T23:46:21.592965+00:00,0.2893358999990596,0,20260907T234621-301913Z-a-a79811.sh,20260907T234621-301913Z-a-a79811.stdout.txt,20260907T234621-301913Z-a-a79811.stderr.txt
20260907T234621-593945Z-b-1f8aab,payment-chain-running-b-a-27,b,mesh,2026-09-07T23:46:21.593945+00:00,2026-09-07T23:46:23.057115+00:00,1.4619918999997026,0,20260907T234621-593945Z-b-1f8aab.sh,20260907T234621-593945Z-b-1f8aab.stdout.txt,20260907T234621-593945Z-b-1f8aab.stderr.txt
20260907T234623-058091Z-a-228f60,lookupinvoice,a,mesh,2026-09-07T23:46:23.058091+00:00,2026-09-07T23:46:23.397279+00:00,0.3383677000001626,0,20260907T234623-058091Z-a-228f60.sh,20260907T234623-058091Z-a-228f60.stdout.txt,20260907T234623-058091Z-a-228f60.stderr.txt
20260907T234623-398258Z-a-c61649,addinvoice,a,mesh,2026-09-07T23:46:23.399234+00:00,2026-09-07T23:46:23.723199+00:00,0.3239015000017389,0,20260907T234623-398258Z-a-c61649.sh,20260907T234623-398258Z-a-c61649.stdout.txt,20260907T234623-398258Z-a-c61649.stderr.txt
20260907T234623-725155Z-b-46fc3f,payment-chain-running-b-a-28,b,mesh,2026-09-07T23:46:23.725155+00:00,2026-09-07T23:46:25.140146+00:00,1.4145246000007319,0,20260907T234623-725155Z-b-46fc3f.sh,20260907T234623-725155Z-b-46fc3f.stdout.txt,20260907T234623-725155Z-b-46fc3f.stderr.txt
20260907T234625-141128Z-a-6d8a0b,lookupinvoice,a,mesh,2026-09-07T23:46:25.142107+00:00,2026-09-07T23:46:25.434226+00:00,0.29183479999846895,0,20260907T234625-141128Z-a-6d8a0b.sh,20260907T234625-141128Z-a-6d8a0b.stdout.txt,20260907T234625-141128Z-a-6d8a0b.stderr.txt
20260907T234625-436179Z-a-7aa7e6,addinvoice,a,mesh,2026-09-07T23:46:25.436179+00:00,2026-09-07T23:46:25.741128+00:00,0.3043550000002142,0,20260907T234625-436179Z-a-7aa7e6.sh,20260907T234625-436179Z-a-7aa7e6.stdout.txt,20260907T234625-436179Z-a-7aa7e6.stderr.txt
20260907T234625-742103Z-b-3cb669,payment-chain-running-b-a-29,b,mesh,2026-09-07T23:46:25.743083+00:00,2026-09-07T23:46:26.983430+00:00,1.2402462999998534,0,20260907T234625-742103Z-b-3cb669.sh,20260907T234625-742103Z-b-3cb669.stdout.txt,20260907T234625-742103Z-b-3cb669.stderr.txt
20260907T234626-984407Z-a-3f58b8,lookupinvoice,a,mesh,2026-09-07T23:46:26.985384+00:00,2026-09-07T23:46:27.276025+00:00,0.290451300001223,0,20260907T234626-984407Z-a-3f58b8.sh,20260907T234626-984407Z-a-3f58b8.stdout.txt,20260907T234626-984407Z-a-3f58b8.stderr.txt
20260907T234627-276999Z-a-1059af,addinvoice,a,mesh,2026-09-07T23:46:27.277976+00:00,2026-09-07T23:46:30.262271+00:00,2.983610100000078,0,20260907T234627-276999Z-a-1059af.sh,20260907T234627-276999Z-a-1059af.stdout.txt,20260907T234627-276999Z-a-1059af.stderr.txt
20260907T234630-263247Z-b-785ecf,payment-chain-running-b-a-30,b,mesh,2026-09-07T23:46:30.263247+00:00,2026-09-07T23:46:31.665608+00:00,1.4020846000003075,0,20260907T234630-263247Z-b-785ecf.sh,20260907T234630-263247Z-b-785ecf.stdout.txt,20260907T234630-263247Z-b-785ecf.stderr.txt
20260907T234631-666586Z-a-6d54e9,lookupinvoice,a,mesh,2026-09-07T23:46:31.667565+00:00,2026-09-07T23:46:31.962481+00:00,0.2943275999987236,0,20260907T234631-666586Z-a-6d54e9.sh,20260907T234631-666586Z-a-6d54e9.stdout.txt,20260907T234631-666586Z-a-6d54e9.stderr.txt
20260907T234631-963458Z-b-59daba,addinvoice,b,mesh,2026-09-07T23:46:31.964434+00:00,2026-09-07T23:46:33.126997+00:00,1.1627700999997614,0,20260907T234631-963458Z-b-59daba.sh,20260907T234631-963458Z-b-59daba.stdout.txt,20260907T234631-963458Z-b-59daba.stderr.txt
20260907T234633-127971Z-a-6a151e,payment-chain-running-a-b-1,a,mesh,2026-09-07T23:46:33.128951+00:00,2026-09-07T23:46:33.934648+00:00,0.8052616000004491,0,20260907T234633-127971Z-a-6a151e.sh,20260907T234633-127971Z-a-6a151e.stdout.txt,20260907T234633-127971Z-a-6a151e.stderr.txt
20260907T234633-936601Z-b-fa8661,lookupinvoice,b,mesh,2026-09-07T23:46:33.936601+00:00,2026-09-07T23:46:34.816415+00:00,0.8792253999999957,0,20260907T234633-936601Z-b-fa8661.sh,20260907T234633-936601Z-b-fa8661.stdout.txt,20260907T234633-936601Z-b-fa8661.stderr.txt
20260907T234634-818369Z-b-78187d,addinvoice,b,mesh,2026-09-07T23:46:34.818369+00:00,2026-09-07T23:46:35.566720+00:00,0.7482328999994934,0,20260907T234634-818369Z-b-78187d.sh,20260907T234634-818369Z-b-78187d.stdout.txt,20260907T234634-818369Z-b-78187d.stderr.txt
20260907T234635-567693Z-a-8831f4,payment-chain-running-a-b-2,a,mesh,2026-09-07T23:46:35.568672+00:00,2026-09-07T23:46:36.327333+00:00,0.7579428999997617,0,20260907T234635-567693Z-a-8831f4.sh,20260907T234635-567693Z-a-8831f4.stdout.txt,20260907T234635-567693Z-a-8831f4.stderr.txt
20260907T234636-328309Z-b-ce6cb0,lookupinvoice,b,mesh,2026-09-07T23:46:36.329287+00:00,2026-09-07T23:46:37.058279+00:00,0.7288442000008217,0,20260907T234636-328309Z-b-ce6cb0.sh,20260907T234636-328309Z-b-ce6cb0.stdout.txt,20260907T234636-328309Z-b-ce6cb0.stderr.txt
20260907T234637-059254Z-b-ef0720,addinvoice,b,mesh,2026-09-07T23:46:37.059254+00:00,2026-09-07T23:46:37.842837+00:00,0.7827823000006902,0,20260907T234637-059254Z-b-ef0720.sh,20260907T234637-059254Z-b-ef0720.stdout.txt,20260907T234637-059254Z-b-ef0720.stderr.txt
20260907T234637-844792Z-a-e92bc8,payment-chain-running-a-b-3,a,mesh,2026-09-07T23:46:37.844792+00:00,2026-09-07T23:46:41.218580+00:00,3.3729260000000068,0,20260907T234637-844792Z-a-e92bc8.sh,20260907T234637-844792Z-a-e92bc8.stdout.txt,20260907T234637-844792Z-a-e92bc8.stderr.txt
20260907T234641-219556Z-b-8c3faa,lookupinvoice,b,mesh,2026-09-07T23:46:41.219556+00:00,2026-09-07T23:46:42.374805+00:00,1.1539665999989666,0,20260907T234641-219556Z-b-8c3faa.sh,20260907T234641-219556Z-b-8c3faa.stdout.txt,20260907T234641-219556Z-b-8c3faa.stderr.txt
20260907T234642-375781Z-b-7e04d1,addinvoice,b,mesh,2026-09-07T23:46:42.376758+00:00,2026-09-07T23:46:43.367713+00:00,0.9908603000003495,0,20260907T234642-375781Z-b-7e04d1.sh,20260907T234642-375781Z-b-7e04d1.stdout.txt,20260907T234642-375781Z-b-7e04d1.stderr.txt
20260907T234643-368687Z-a-6834ec,payment-chain-running-a-b-4,a,mesh,2026-09-07T23:46:43.369664+00:00,2026-09-07T23:46:44.070895+00:00,0.7003378000008524,0,20260907T234643-368687Z-a-6834ec.sh,20260907T234643-368687Z-a-6834ec.stdout.txt,20260907T234643-368687Z-a-6834ec.stderr.txt
20260907T234644-071880Z-b-b88c55,lookupinvoice,b,mesh,2026-09-07T23:46:44.071880+00:00,2026-09-07T23:46:45.059799+00:00,0.9870512999987113,0,20260907T234644-071880Z-b-b88c55.sh,20260907T234644-071880Z-b-b88c55.stdout.txt,20260907T234644-071880Z-b-b88c55.stderr.txt
20260907T234645-060803Z-b-adf50d,addinvoice,b,mesh,2026-09-07T23:46:45.061786+00:00,2026-09-07T23:46:46.133847+00:00,1.071569300000192,0,20260907T234645-060803Z-b-adf50d.sh,20260907T234645-060803Z-b-adf50d.stdout.txt,20260907T234645-060803Z-b-adf50d.stderr.txt
20260907T234646-134824Z-a-3ce07b,payment-chain-running-a-b-5,a,mesh,2026-09-07T23:46:46.134824+00:00,2026-09-07T23:46:46.747975+00:00,0.6123446999990847,0,20260907T234646-134824Z-a-3ce07b.sh,20260907T234646-134824Z-a-3ce07b.stdout.txt,20260907T234646-134824Z-a-3ce07b.stderr.txt
20260907T234646-748949Z-b-3a90f6,lookupinvoice,b,mesh,2026-09-07T23:46:46.749926+00:00,2026-09-07T23:46:47.858694+00:00,1.108820299999934,0,20260907T234646-748949Z-b-3a90f6.sh,20260907T234646-748949Z-b-3a90f6.stdout.txt,20260907T234646-748949Z-b-3a90f6.stderr.txt
20260907T234647-859667Z-b-7f46e1,addinvoice,b,mesh,2026-09-07T23:46:47.861171+00:00,2026-09-07T23:46:51.412160+00:00,3.550332200000412,0,20260907T234647-859667Z-b-7f46e1.sh,20260907T234647-859667Z-b-7f46e1.stdout.txt,20260907T234647-859667Z-b-7f46e1.stderr.txt
20260907T234651-413136Z-a-cdd0f0,payment-chain-running-a-b-6,a,mesh,2026-09-07T23:46:51.413136+00:00,2026-09-07T23:46:52.166232+00:00,0.7529292999988684,0,20260907T234651-413136Z-a-cdd0f0.sh,20260907T234651-413136Z-a-cdd0f0.stdout.txt,20260907T234651-413136Z-a-cdd0f0.stderr.txt
20260907T234652-168188Z-b-99886a,lookupinvoice,b,mesh,2026-09-07T23:46:52.168188+00:00,2026-09-07T23:46:53.236140+00:00,1.0674044999996113,0,20260907T234652-168188Z-b-99886a.sh,20260907T234652-168188Z-b-99886a.stdout.txt,20260907T234652-168188Z-b-99886a.stderr.txt
20260907T234653-237118Z-b-42ed9e,addinvoice,b,mesh,2026-09-07T23:46:53.238092+00:00,2026-09-07T23:46:54.497042+00:00,1.2591001000000688,0,20260907T234653-237118Z-b-42ed9e.sh,20260907T234653-237118Z-b-42ed9e.stdout.txt,20260907T234653-237118Z-b-42ed9e.stderr.txt
20260907T234654-498999Z-a-1c640e,payment-chain-running-a-b-7,a,mesh,2026-09-07T23:46:54.498999+00:00,2026-09-07T23:46:55.169964+00:00,0.6707069000003685,0,20260907T234654-498999Z-a-1c640e.sh,20260907T234654-498999Z-a-1c640e.stdout.txt,20260907T234654-498999Z-a-1c640e.stderr.txt
20260907T234655-171467Z-b-9c51a2,lookupinvoice,b,mesh,2026-09-07T23:46:55.172450+00:00,2026-09-07T23:46:56.168235+00:00,0.9954871999998431,0,20260907T234655-171467Z-b-9c51a2.sh,20260907T234655-171467Z-b-9c51a2.stdout.txt,20260907T234655-171467Z-b-9c51a2.stderr.txt
20260907T234656-170183Z-b-d4b1b5,addinvoice,b,mesh,2026-09-07T23:46:56.170183+00:00,2026-09-07T23:46:57.205348+00:00,1.0341243999992003,0,20260907T234656-170183Z-b-d4b1b5.sh,20260907T234656-170183Z-b-d4b1b5.stdout.txt,20260907T234656-170183Z-b-d4b1b5.stderr.txt
20260907T234657-206324Z-a-64cae0,payment-chain-running-a-b-8,a,mesh,2026-09-07T23:46:57.206324+00:00,2026-09-07T23:47:00.578275+00:00,3.3710762999999133,0,20260907T234657-206324Z-a-64cae0.sh,20260907T234657-206324Z-a-64cae0.stdout.txt,20260907T234657-206324Z-a-64cae0.stderr.txt
20260907T234700-579249Z-b-c1762a,lookupinvoice,b,mesh,2026-09-07T23:47:00.580225+00:00,2026-09-07T23:47:01.524243+00:00,0.943667400000777,0,20260907T234700-579249Z-b-c1762a.sh,20260907T234700-579249Z-b-c1762a.stdout.txt,20260907T234700-579249Z-b-c1762a.stderr.txt
20260907T234701-525220Z-b-f39a94,addinvoice,b,mesh,2026-09-07T23:47:01.526194+00:00,2026-09-07T23:47:02.299553+00:00,0.7728774000006524,0,20260907T234701-525220Z-b-f39a94.sh,20260907T234701-525220Z-b-f39a94.stdout.txt,20260907T234701-525220Z-b-f39a94.stderr.txt
20260907T234702-300527Z-a-0db29c,payment-chain-running-a-b-9,a,mesh,2026-09-07T23:47:02.301530+00:00,2026-09-07T23:47:02.966617+00:00,0.6646412999998574,0,20260907T234702-300527Z-a-0db29c.sh,20260907T234702-300527Z-a-0db29c.stdout.txt,20260907T234702-300527Z-a-0db29c.stderr.txt
20260907T234702-967595Z-b-e98cce,lookupinvoice,b,mesh,2026-09-07T23:47:02.967595+00:00,2026-09-07T23:47:03.888262+00:00,0.9202679000009084,0,20260907T234702-967595Z-b-e98cce.sh,20260907T234702-967595Z-b-e98cce.stdout.txt,20260907T234702-967595Z-b-e98cce.stderr.txt
20260907T234703-890218Z-b-1c54d9,addinvoice,b,mesh,2026-09-07T23:47:03.890218+00:00,2026-09-07T23:47:04.645686+00:00,0.7542431999991095,0,20260907T234703-890218Z-b-1c54d9.sh,20260907T234703-890218Z-b-1c54d9.stdout.txt,20260907T234703-890218Z-b-1c54d9.stderr.txt
20260907T234704-646666Z-a-8ecacd,payment-chain-running-a-b-10,a,mesh,2026-09-07T23:47:04.646666+00:00,2026-09-07T23:47:05.460337+00:00,0.812781200000245,0,20260907T234704-646666Z-a-8ecacd.sh,20260907T234704-646666Z-a-8ecacd.stdout.txt,20260907T234704-646666Z-a-8ecacd.stderr.txt
20260907T234705-462825Z-b-7c194a,lookupinvoice,b,mesh,2026-09-07T23:47:05.462825+00:00,2026-09-07T23:47:06.356769+00:00,0.892907199999172,0,20260907T234705-462825Z-b-7c194a.sh,20260907T234705-462825Z-b-7c194a.stdout.txt,20260907T234705-462825Z-b-7c194a.stderr.txt
20260907T234706-357747Z-b-97f146,addinvoice,b,mesh,2026-09-07T23:47:06.359696+00:00,2026-09-07T23:47:07.069517+00:00,0.7096607000003132,0,20260907T234706-357747Z-b-97f146.sh,20260907T234706-357747Z-b-97f146.stdout.txt,20260907T234706-357747Z-b-97f146.stderr.txt
20260907T234707-070494Z-a-504153,payment-chain-running-a-b-11,a,mesh,2026-09-07T23:47:07.071501+00:00,2026-09-07T23:47:07.765647+00:00,0.6939002999988588,0,20260907T234707-070494Z-a-504153.sh,20260907T234707-070494Z-a-504153.stdout.txt,20260907T234707-070494Z-a-504153.stderr.txt
20260907T234707-766621Z-b-51cadb,lookupinvoice,b,mesh,2026-09-07T23:47:07.767600+00:00,2026-09-07T23:47:11.324911+00:00,3.557095800000752,0,20260907T234707-766621Z-b-51cadb.sh,20260907T234707-766621Z-b-51cadb.stdout.txt,20260907T234707-766621Z-b-51cadb.stderr.txt
20260907T234711-327844Z-b-969912,addinvoice,b,mesh,2026-09-07T23:47:11.328847+00:00,2026-09-07T23:47:12.341868+00:00,1.0133275000007416,0,20260907T234711-327844Z-b-969912.sh,20260907T234711-327844Z-b-969912.stdout.txt,20260907T234711-327844Z-b-969912.stderr.txt
20260907T234712-344806Z-a-de38ed,payment-chain-running-a-b-12,a,mesh,2026-09-07T23:47:12.344806+00:00,2026-09-07T23:47:13.114598+00:00,0.7693779000001086,0,20260907T234712-344806Z-a-de38ed.sh,20260907T234712-344806Z-a-de38ed.stdout.txt,20260907T234712-344806Z-a-de38ed.stderr.txt
20260907T234713-117530Z-b-998556,lookupinvoice,b,mesh,2026-09-07T23:47:13.117530+00:00,2026-09-07T23:47:13.818948+00:00,0.7003926999987016,0,20260907T234713-117530Z-b-998556.sh,20260907T234713-117530Z-b-998556.stdout.txt,20260907T234713-117530Z-b-998556.stderr.txt
20260907T234713-819927Z-b-a9148e,addinvoice,b,mesh,2026-09-07T23:47:13.820901+00:00,2026-09-07T23:47:14.601948+00:00,0.7809099000005517,0,20260907T234713-819927Z-b-a9148e.sh,20260907T234713-819927Z-b-a9148e.stdout.txt,20260907T234713-819927Z-b-a9148e.stderr.txt
20260907T234714-603905Z-a-9520db,payment-chain-running-a-b-13,a,mesh,2026-09-07T23:47:14.604888+00:00,2026-09-07T23:47:15.405665+00:00,0.8007085000008374,0,20260907T234714-603905Z-a-9520db.sh,20260907T234714-603905Z-a-9520db.stdout.txt,20260907T234714-603905Z-a-9520db.stderr.txt
20260907T234715-408599Z-b-462d57,lookupinvoice,b,mesh,2026-09-07T23:47:15.408599+00:00,2026-09-07T23:47:16.252866+00:00,0.8438600000008591,0,20260907T234715-408599Z-b-462d57.sh,20260907T234715-408599Z-b-462d57.stdout.txt,20260907T234715-408599Z-b-462d57.stderr.txt
20260907T234716-254817Z-b-cb5861,addinvoice,b,mesh,2026-09-07T23:47:16.255793+00:00,2026-09-07T23:47:17.279936+00:00,1.0238726000006864,0,20260907T234716-254817Z-b-cb5861.sh,20260907T234716-254817Z-b-cb5861.stdout.txt,20260907T234716-254817Z-b-cb5861.stderr.txt
20260907T234717-282901Z-a-29798d,payment-chain-running-a-b-14,a,mesh,2026-09-07T23:47:17.282901+00:00,2026-09-07T23:47:20.651062+00:00,3.367637900000773,0,20260907T234717-282901Z-a-29798d.sh,20260907T234717-282901Z-a-29798d.stdout.txt,20260907T234717-282901Z-a-29798d.stderr.txt
20260907T234720-652068Z-b-8d8f50,lookupinvoice,b,mesh,2026-09-07T23:47:20.653052+00:00,2026-09-07T23:47:21.433988+00:00,0.7803168000009464,0,20260907T234720-652068Z-b-8d8f50.sh,20260907T234720-652068Z-b-8d8f50.stdout.txt,20260907T234720-652068Z-b-8d8f50.stderr.txt
20260907T234721-434967Z-b-538bf3,addinvoice,b,mesh,2026-09-07T23:47:21.436917+00:00,2026-09-07T23:47:22.220211+00:00,0.7832185999996,0,20260907T234721-434967Z-b-538bf3.sh,20260907T234721-434967Z-b-538bf3.stdout.txt,20260907T234721-434967Z-b-538bf3.stderr.txt
20260907T234722-222193Z-a-808971,payment-chain-running-a-b-15,a,mesh,2026-09-07T23:47:22.223176+00:00,2026-09-07T23:47:22.878192+00:00,0.6547752000005858,0,20260907T234722-222193Z-a-808971.sh,20260907T234722-222193Z-a-808971.stdout.txt,20260907T234722-222193Z-a-808971.stderr.txt
20260907T234722-880148Z-b-266d3d,lookupinvoice,b,mesh,2026-09-07T23:47:22.880148+00:00,2026-09-07T23:47:23.613034+00:00,0.7318784999988566,0,20260907T234722-880148Z-b-266d3d.sh,20260907T234722-880148Z-b-266d3d.stdout.txt,20260907T234722-880148Z-b-266d3d.stderr.txt
20260907T234723-614016Z-b-176542,addinvoice,b,mesh,2026-09-07T23:47:23.615965+00:00,2026-09-07T23:47:24.533072+00:00,0.9170337000014115,0,20260907T234723-614016Z-b-176542.sh,20260907T234723-614016Z-b-176542.stdout.txt,20260907T234723-614016Z-b-176542.stderr.txt
20260907T234724-534047Z-a-1011d6,payment-chain-running-a-b-16,a,mesh,2026-09-07T23:47:24.536001+00:00,2026-09-07T23:47:25.283057+00:00,0.7464385000002949,0,20260907T234724-534047Z-a-1011d6.sh,20260907T234724-534047Z-a-1011d6.stdout.txt,20260907T234724-534047Z-a-1011d6.stderr.txt
20260907T234725-284035Z-b-ec5040,lookupinvoice,b,mesh,2026-09-07T23:47:25.285987+00:00,2026-09-07T23:47:26.173321+00:00,0.8871026999986498,0,20260907T234725-284035Z-b-ec5040.sh,20260907T234725-284035Z-b-ec5040.stdout.txt,20260907T234725-284035Z-b-ec5040.stderr.txt
20260907T234726-175274Z-b-5370ed,addinvoice,b,mesh,2026-09-07T23:47:26.176254+00:00,2026-09-07T23:47:27.091089+00:00,0.9146111999998539,0,20260907T234726-175274Z-b-5370ed.sh,20260907T234726-175274Z-b-5370ed.stdout.txt,20260907T234726-175274Z-b-5370ed.stderr.txt
20260907T234727-093583Z-a-479b9d,payment-chain-running-a-b-17,a,mesh,2026-09-07T23:47:27.093583+00:00,2026-09-07T23:47:27.867367+00:00,0.7735124999999243,0,20260907T234727-093583Z-a-479b9d.sh,20260907T234727-093583Z-a-479b9d.stdout.txt,20260907T234727-093583Z-a-479b9d.stderr.txt
20260907T234727-869318Z-b-1c885e,lookupinvoice,b,mesh,2026-09-07T23:47:27.869318+00:00,2026-09-07T23:47:31.073690+00:00,3.2035789000001387,0,20260907T234727-869318Z-b-1c885e.sh,20260907T234727-869318Z-b-1c885e.stdout.txt,20260907T234727-869318Z-b-1c885e.stderr.txt
20260907T234731-076621Z-b-11bb53,addinvoice,b,mesh,2026-09-07T23:47:31.077595+00:00,2026-09-07T23:47:31.790269+00:00,0.7126645000007557,0,20260907T234731-076621Z-b-11bb53.sh,20260907T234731-076621Z-b-11bb53.stdout.txt,20260907T234731-076621Z-b-11bb53.stderr.txt
20260907T234731-791243Z-a-6c1472,payment-chain-running-a-b-18,a,mesh,2026-09-07T23:47:31.793727+00:00,2026-09-07T23:47:32.462791+00:00,0.669049800000721,0,20260907T234731-791243Z-a-6c1472.sh,20260907T234731-791243Z-a-6c1472.stdout.txt,20260907T234731-791243Z-a-6c1472.stderr.txt
20260907T234732-463773Z-b-b2048d,lookupinvoice,b,mesh,2026-09-07T23:47:32.465728+00:00,2026-09-07T23:47:33.463643+00:00,0.9973718000001099,0,20260907T234732-463773Z-b-b2048d.sh,20260907T234732-463773Z-b-b2048d.stdout.txt,20260907T234732-463773Z-b-b2048d.stderr.txt
20260907T234733-465596Z-b-83cfde,addinvoice,b,mesh,2026-09-07T23:47:33.466573+00:00,2026-09-07T23:47:34.376450+00:00,0.9095519999991666,0,20260907T234733-465596Z-b-83cfde.sh,20260907T234733-465596Z-b-83cfde.stdout.txt,20260907T234733-465596Z-b-83cfde.stderr.txt
20260907T234734-378402Z-a-0b99c4,payment-chain-running-a-b-19,a,mesh,2026-09-07T23:47:34.379380+00:00,2026-09-07T23:47:35.276645+00:00,0.8970852999991621,0,20260907T234734-378402Z-a-0b99c4.sh,20260907T234734-378402Z-a-0b99c4.stdout.txt,20260907T234734-378402Z-a-0b99c4.stderr.txt
20260907T234735-278596Z-b-24af26,lookupinvoice,b,mesh,2026-09-07T23:47:35.278596+00:00,2026-09-07T23:47:35.957362+00:00,0.6780593999992561,0,20260907T234735-278596Z-b-24af26.sh,20260907T234735-278596Z-b-24af26.stdout.txt,20260907T234735-278596Z-b-24af26.stderr.txt
20260907T234735-960290Z-b-fdf77d,addinvoice,b,mesh,2026-09-07T23:47:35.961266+00:00,2026-09-07T23:47:36.720337+00:00,0.7588930999991135,0,20260907T234735-960290Z-b-fdf77d.sh,20260907T234735-960290Z-b-fdf77d.stdout.txt,20260907T234735-960290Z-b-fdf77d.stderr.txt
20260907T234736-722816Z-a-aeb20e,payment-chain-running-a-b-20,a,mesh,2026-09-07T23:47:36.722816+00:00,2026-09-07T23:47:37.347837+00:00,0.6237739000007423,0,20260907T234736-722816Z-a-aeb20e.sh,20260907T234736-722816Z-a-aeb20e.stdout.txt,20260907T234736-722816Z-a-aeb20e.stderr.txt
20260907T234737-349788Z-b-d87ae0,lookupinvoice,b,mesh,2026-09-07T23:47:37.350766+00:00,2026-09-07T23:47:40.942870+00:00,3.591860499998802,0,20260907T234737-349788Z-b-d87ae0.sh,20260907T234737-349788Z-b-d87ae0.stdout.txt,20260907T234737-349788Z-b-d87ae0.stderr.txt
20260907T234740-945810Z-b-9b32a5,addinvoice,b,mesh,2026-09-07T23:47:40.945810+00:00,2026-09-07T23:47:41.738706+00:00,0.7919394000000466,0,20260907T234740-945810Z-b-9b32a5.sh,20260907T234740-945810Z-b-9b32a5.stdout.txt,20260907T234740-945810Z-b-9b32a5.stderr.txt
20260907T234741-739684Z-a-a0114d,payment-chain-running-a-b-21,a,mesh,2026-09-07T23:47:41.739684+00:00,2026-09-07T23:47:42.584647+00:00,0.844421699999657,0,20260907T234741-739684Z-a-a0114d.sh,20260907T234741-739684Z-a-a0114d.stdout.txt,20260907T234741-739684Z-a-a0114d.stderr.txt
20260907T234742-586632Z-b-dc77d9,lookupinvoice,b,mesh,2026-09-07T23:47:42.586632+00:00,2026-09-07T23:47:43.449909+00:00,0.862313699999504,0,20260907T234742-586632Z-b-dc77d9.sh,20260907T234742-586632Z-b-dc77d9.stdout.txt,20260907T234742-586632Z-b-dc77d9.stderr.txt
20260907T234743-452870Z-b-cef303,addinvoice,b,mesh,2026-09-07T23:47:43.452870+00:00,2026-09-07T23:47:44.681737+00:00,1.2278466999996454,0,20260907T234743-452870Z-b-cef303.sh,20260907T234743-452870Z-b-cef303.stdout.txt,20260907T234743-452870Z-b-cef303.stderr.txt
20260907T234744-683721Z-a-46d63a,payment-chain-running-a-b-22,a,mesh,2026-09-07T23:47:44.684698+00:00,2026-09-07T23:47:45.519822+00:00,0.8345778999992035,0,20260907T234744-683721Z-a-46d63a.sh,20260907T234744-683721Z-a-46d63a.stdout.txt,20260907T234744-683721Z-a-46d63a.stderr.txt
20260907T234745-521776Z-b-aded1b,lookupinvoice,b,mesh,2026-09-07T23:47:45.522781+00:00,2026-09-07T23:47:46.350957+00:00,0.8282069999986561,0,20260907T234745-521776Z-b-aded1b.sh,20260907T234745-521776Z-b-aded1b.stdout.txt,20260907T234745-521776Z-b-aded1b.stderr.txt
20260907T234746-353916Z-b-9a4df3,addinvoice,b,mesh,2026-09-07T23:47:46.354892+00:00,2026-09-07T23:47:47.260114+00:00,0.9046690999985003,0,20260907T234746-353916Z-b-9a4df3.sh,20260907T234746-353916Z-b-9a4df3.stdout.txt,20260907T234746-353916Z-b-9a4df3.stderr.txt
20260907T234747-262068Z-a-88697c,payment-chain-running-a-b-23,a,mesh,2026-09-07T23:47:47.263073+00:00,2026-09-07T23:47:50.756203+00:00,3.4930569999996806,0,20260907T234747-262068Z-a-88697c.sh,20260907T234747-262068Z-a-88697c.stdout.txt,20260907T234747-262068Z-a-88697c.stderr.txt
20260907T234750-757177Z-b-08a7cb,lookupinvoice,b,mesh,2026-09-07T23:47:50.758153+00:00,2026-09-07T23:47:51.660981+00:00,0.9028517999995529,0,20260907T234750-757177Z-b-08a7cb.sh,20260907T234750-757177Z-b-08a7cb.stdout.txt,20260907T234750-757177Z-b-08a7cb.stderr.txt
20260907T234751-663949Z-b-2de705,addinvoice,b,mesh,2026-09-07T23:47:51.664924+00:00,2026-09-07T23:47:52.469955+00:00,0.8046362999994017,0,20260907T234751-663949Z-b-2de705.sh,20260907T234751-663949Z-b-2de705.stdout.txt,20260907T234751-663949Z-b-2de705.stderr.txt
20260907T234752-470934Z-a-8c3573,payment-chain-running-a-b-24,a,mesh,2026-09-07T23:47:52.471911+00:00,2026-09-07T23:47:53.144082+00:00,0.6718920999992406,0,20260907T234752-470934Z-a-8c3573.sh,20260907T234752-470934Z-a-8c3573.stdout.txt,20260907T234752-470934Z-a-8c3573.stderr.txt
20260907T234753-151892Z-b-52fd4f,lookupinvoice,b,mesh,2026-09-07T23:47:53.153399+00:00,2026-09-07T23:47:54.127342+00:00,0.9742190999986633,0,20260907T234753-151892Z-b-52fd4f.sh,20260907T234753-151892Z-b-52fd4f.stdout.txt,20260907T234753-151892Z-b-52fd4f.stderr.txt
20260907T234754-129296Z-b-f3abd2,addinvoice,b,mesh,2026-09-07T23:47:54.129296+00:00,2026-09-07T23:47:54.899224+00:00,0.769187800000509,0,20260907T234754-129296Z-b-f3abd2.sh,20260907T234754-129296Z-b-f3abd2.stdout.txt,20260907T234754-129296Z-b-f3abd2.stderr.txt
20260907T234754-903157Z-a-146b87,payment-chain-running-a-b-25,a,mesh,2026-09-07T23:47:54.907068+00:00,2026-09-07T23:47:55.803255+00:00,0.8955346000002464,0,20260907T234754-903157Z-a-146b87.sh,20260907T234754-903157Z-a-146b87.stdout.txt,20260907T234754-903157Z-a-146b87.stderr.txt
20260907T234755-804237Z-b-c5e69c,lookupinvoice,b,mesh,2026-09-07T23:47:55.808145+00:00,2026-09-07T23:47:56.522318+00:00,0.7134644999987358,0,20260907T234755-804237Z-b-c5e69c.sh,20260907T234755-804237Z-b-c5e69c.stdout.txt,20260907T234755-804237Z-b-c5e69c.stderr.txt
20260907T234756-524311Z-b-88340e,addinvoice,b,mesh,2026-09-07T23:47:56.524311+00:00,2026-09-07T23:47:57.247465+00:00,0.722706599999583,0,20260907T234756-524311Z-b-88340e.sh,20260907T234756-524311Z-b-88340e.stdout.txt,20260907T234756-524311Z-b-88340e.stderr.txt
20260907T234757-251370Z-a-f1b4a4,payment-chain-running-a-b-26,a,mesh,2026-09-07T23:47:57.251370+00:00,2026-09-07T23:48:00.845502+00:00,3.593577699999514,0,20260907T234757-251370Z-a-f1b4a4.sh,20260907T234757-251370Z-a-f1b4a4.stdout.txt,20260907T234757-251370Z-a-f1b4a4.stderr.txt
20260907T234800-847458Z-b-f3fc58,lookupinvoice,b,mesh,2026-09-07T23:48:00.853339+00:00,2026-09-07T23:48:01.603649+00:00,0.7496315000007598,0,20260907T234800-847458Z-b-f3fc58.sh,20260907T234800-847458Z-b-f3fc58.stdout.txt,20260907T234800-847458Z-b-f3fc58.stderr.txt
20260907T234801-608536Z-b-1f7fa5,addinvoice,b,mesh,2026-09-07T23:48:01.608536+00:00,2026-09-07T23:48:02.382376+00:00,0.7738810999999259,0,20260907T234801-608536Z-b-1f7fa5.sh,20260907T234801-608536Z-b-1f7fa5.stdout.txt,20260907T234801-608536Z-b-1f7fa5.stderr.txt
20260907T234802-386317Z-a-63281a,payment-chain-running-a-b-27,a,mesh,2026-09-07T23:48:02.386317+00:00,2026-09-07T23:48:03.361407+00:00,0.9742949999999837,0,20260907T234802-386317Z-a-63281a.sh,20260907T234802-386317Z-a-63281a.stdout.txt,20260907T234802-386317Z-a-63281a.stderr.txt
20260907T234803-363391Z-b-8bae07,lookupinvoice,b,mesh,2026-09-07T23:48:03.364376+00:00,2026-09-07T23:48:04.375679+00:00,1.0115747999989253,0,20260907T234803-363391Z-b-8bae07.sh,20260907T234803-363391Z-b-8bae07.stdout.txt,20260907T234803-363391Z-b-8bae07.stderr.txt
20260907T234804-382515Z-b-a6092b,addinvoice,b,mesh,2026-09-07T23:48:04.382515+00:00,2026-09-07T23:48:05.272289+00:00,0.8895212999996147,0,20260907T234804-382515Z-b-a6092b.sh,20260907T234804-382515Z-b-a6092b.stdout.txt,20260907T234804-382515Z-b-a6092b.stderr.txt
20260907T234805-273795Z-a-c0d1ac,payment-chain-running-a-b-28,a,mesh,2026-09-07T23:48:05.274779+00:00,2026-09-07T23:48:05.994550+00:00,0.7198628000005556,0,20260907T234805-273795Z-a-c0d1ac.sh,20260907T234805-273795Z-a-c0d1ac.stdout.txt,20260907T234805-273795Z-a-c0d1ac.stderr.txt
20260907T234805-997480Z-b-c8f7ad,lookupinvoice,b,mesh,2026-09-07T23:48:06.000408+00:00,2026-09-07T23:48:06.776748+00:00,0.7760502000000997,0,20260907T234805-997480Z-b-c8f7ad.sh,20260907T234805-997480Z-b-c8f7ad.stdout.txt,20260907T234805-997480Z-b-c8f7ad.stderr.txt
20260907T234806-784593Z-b-2b90c2,addinvoice,b,mesh,2026-09-07T23:48:06.784593+00:00,2026-09-07T23:48:07.739809+00:00,0.954824299999018,0,20260907T234806-784593Z-b-2b90c2.sh,20260907T234806-784593Z-b-2b90c2.stdout.txt,20260907T234806-784593Z-b-2b90c2.stderr.txt
20260907T234807-741761Z-a-7ed579,payment-chain-running-a-b-29,a,mesh,2026-09-07T23:48:07.741761+00:00,2026-09-07T23:48:11.056546+00:00,3.314401600000565,0,20260907T234807-741761Z-a-7ed579.sh,20260907T234807-741761Z-a-7ed579.stdout.txt,20260907T234807-741761Z-a-7ed579.stderr.txt
20260907T234811-058500Z-b-3bef98,lookupinvoice,b,mesh,2026-09-07T23:48:11.058500+00:00,2026-09-07T23:48:11.682515+00:00,0.6232459000002564,0,20260907T234811-058500Z-b-3bef98.sh,20260907T234811-058500Z-b-3bef98.stdout.txt,20260907T234811-058500Z-b-3bef98.stderr.txt
20260907T234811-688907Z-b-0eb0ce,addinvoice,b,mesh,2026-09-07T23:48:11.689884+00:00,2026-09-07T23:48:12.573962+00:00,0.8834693999997398,0,20260907T234811-688907Z-b-0eb0ce.sh,20260907T234811-688907Z-b-0eb0ce.stdout.txt,20260907T234811-688907Z-b-0eb0ce.stderr.txt
20260907T234812-580804Z-a-cf0c55,payment-chain-running-a-b-30,a,mesh,2026-09-07T23:48:12.581782+00:00,2026-09-07T23:48:13.278032+00:00,0.6956764000005933,0,20260907T234812-580804Z-a-cf0c55.sh,20260907T234812-580804Z-a-cf0c55.stdout.txt,20260907T234812-580804Z-a-cf0c55.stderr.txt
20260907T234813-285872Z-b-487c3d,lookupinvoice,b,mesh,2026-09-07T23:48:13.298596+00:00,2026-09-07T23:48:14.308907+00:00,1.0106188999998267,0,20260907T234813-285872Z-b-487c3d.sh,20260907T234813-285872Z-b-487c3d.stdout.txt,20260907T234813-285872Z-b-487c3d.stderr.txt
20260907T234814-310859Z-a-b31275,walletbalance,a,mesh,2026-09-07T23:48:14.318701+00:00,2026-09-07T23:48:14.629700+00:00,0.31038269999953627,0,20260907T234814-310859Z-a-b31275.sh,20260907T234814-310859Z-a-b31275.stdout.txt,20260907T234814-310859Z-a-b31275.stderr.txt
20260907T234814-640975Z-a-c66e37,channelbalance,a,mesh,2026-09-07T23:48:14.640975+00:00,2026-09-07T23:48:14.927131+00:00,0.2857227000004059,0,20260907T234814-640975Z-a-c66e37.sh,20260907T234814-640975Z-a-c66e37.stdout.txt,20260907T234814-640975Z-a-c66e37.stderr.txt
20260907T234814-928108Z-a-400ece,listchannels,a,mesh,2026-09-07T23:48:14.931036+00:00,2026-09-07T23:48:15.234024+00:00,0.30250469999919005,0,20260907T234814-928108Z-a-400ece.sh,20260907T234814-928108Z-a-400ece.stdout.txt,20260907T234814-928108Z-a-400ece.stderr.txt
20260907T234815-241841Z-a-4885b8,pendingchannels,a,mesh,2026-09-07T23:48:15.242822+00:00,2026-09-07T23:48:15.547184+00:00,0.30442330000005313,0,20260907T234815-241841Z-a-4885b8.sh,20260907T234815-241841Z-a-4885b8.stdout.txt,20260907T234815-241841Z-a-4885b8.stderr.txt
20260907T234815-550113Z-a-36e969,getinfo,a,mesh,2026-09-07T23:48:15.551088+00:00,2026-09-07T23:48:15.885871+00:00,0.3345571000008931,0,20260907T234815-550113Z-a-36e969.sh,20260907T234815-550113Z-a-36e969.stdout.txt,20260907T234815-550113Z-a-36e969.stderr.txt
20260907T234815-895220Z-b-c80e41,walletbalance,b,mesh,2026-09-07T23:48:15.902611+00:00,2026-09-07T23:48:16.610848+00:00,0.707729499999914,0,20260907T234815-895220Z-b-c80e41.sh,20260907T234815-895220Z-b-c80e41.stdout.txt,20260907T234815-895220Z-b-c80e41.stderr.txt
20260907T234816-611827Z-b-d6080c,channelbalance,b,mesh,2026-09-07T23:48:16.611827+00:00,2026-09-07T23:48:17.373936+00:00,0.7618832000007387,0,20260907T234816-611827Z-b-d6080c.sh,20260907T234816-611827Z-b-d6080c.stdout.txt,20260907T234816-611827Z-b-d6080c.stderr.txt
20260907T234817-376872Z-b-ed1123,listchannels,b,mesh,2026-09-07T23:48:17.376872+00:00,2026-09-07T23:48:20.755010+00:00,3.3772102000002633,0,20260907T234817-376872Z-b-ed1123.sh,20260907T234817-376872Z-b-ed1123.stdout.txt,20260907T234817-376872Z-b-ed1123.stderr.txt
20260907T234820-755988Z-b-728d87,pendingchannels,b,mesh,2026-09-07T23:48:20.757945+00:00,2026-09-07T23:48:21.466175+00:00,0.7080195999988064,0,20260907T234820-755988Z-b-728d87.sh,20260907T234820-755988Z-b-728d87.stdout.txt,20260907T234820-755988Z-b-728d87.stderr.txt
20260907T234821-467151Z-b-de2284,getinfo,b,mesh,2026-09-07T23:48:21.471057+00:00,2026-09-07T23:48:22.483212+00:00,1.011302800001431,0,20260907T234821-467151Z-b-de2284.sh,20260907T234821-467151Z-b-de2284.stdout.txt,20260907T234821-467151Z-b-de2284.stderr.txt
20260907T234822-484218Z-c-cb7c23,walletbalance,c,mesh,2026-09-07T23:48:22.488128+00:00,2026-09-07T23:48:23.190188+00:00,0.701459399999294,0,20260907T234822-484218Z-c-cb7c23.sh,20260907T234822-484218Z-c-cb7c23.stdout.txt,20260907T234822-484218Z-c-cb7c23.stderr.txt
20260907T234823-191164Z-c-70ac25,channelbalance,c,mesh,2026-09-07T23:48:23.194118+00:00,2026-09-07T23:48:24.031261+00:00,0.8371939999997267,0,20260907T234823-191164Z-c-70ac25.sh,20260907T234823-191164Z-c-70ac25.stdout.txt,20260907T234823-191164Z-c-70ac25.stderr.txt
20260907T234824-038131Z-c-64995b,listchannels,c,mesh,2026-09-07T23:48:24.038131+00:00,2026-09-07T23:48:24.783015+00:00,0.7447253999998793,0,20260907T234824-038131Z-c-64995b.sh,20260907T234824-038131Z-c-64995b.stdout.txt,20260907T234824-038131Z-c-64995b.stderr.txt
20260907T234824-786478Z-c-f4a151,pendingchannels,c,mesh,2026-09-07T23:48:24.787457+00:00,2026-09-07T23:48:25.566306+00:00,0.7788481999996293,0,20260907T234824-786478Z-c-f4a151.sh,20260907T234824-786478Z-c-f4a151.stdout.txt,20260907T234824-786478Z-c-f4a151.stderr.txt
20260907T234825-572167Z-c-2d40a7,getinfo,c,mesh,2026-09-07T23:48:25.572167+00:00,2026-09-07T23:48:26.796223+00:00,1.2235519999994722,0,20260907T234825-572167Z-c-2d40a7.sh,20260907T234825-572167Z-c-2d40a7.stdout.txt,20260907T234825-572167Z-c-2d40a7.stderr.txt
20260907T234924-582303Z-a-820445,identify-regtest,a,mesh,2026-09-07T23:49:24.582303+00:00,2026-09-07T23:49:27.570119+00:00,2.987081399998715,0,20260907T234924-582303Z-a-820445.sh,20260907T234924-582303Z-a-820445.stdout.txt,20260907T234924-582303Z-a-820445.stderr.txt
20260907T234927-571098Z-b-341233,identify-regtest,b,mesh,2026-09-07T23:49:27.572074+00:00,2026-09-07T23:49:28.087629+00:00,0.5153096000012738,0,20260907T234927-571098Z-b-341233.sh,20260907T234927-571098Z-b-341233.stdout.txt,20260907T234927-571098Z-b-341233.stderr.txt
20260907T234928-088614Z-c-c0d10c,identify-regtest,c,mesh,2026-09-07T23:49:28.089591+00:00,2026-09-07T23:49:28.610313+00:00,0.5203287999993336,0,20260907T234928-088614Z-c-c0d10c.sh,20260907T234928-088614Z-c-c0d10c.stdout.txt,20260907T234928-088614Z-c-c0d10c.stderr.txt
20260907T234928-611290Z-a-b51bb1,getblockchaininfo,a,mesh,2026-09-07T23:49:28.612268+00:00,2026-09-07T23:49:28.886633+00:00,0.27432709999993676,0,20260907T234928-611290Z-a-b51bb1.sh,20260907T234928-611290Z-a-b51bb1.stdout.txt,20260907T234928-611290Z-a-b51bb1.stderr.txt
20260907T234928-889136Z-a-7f49d5,getblockcount,a,mesh,2026-09-07T23:49:28.890113+00:00,2026-09-07T23:49:29.138324+00:00,0.24776120000024093,0,20260907T234928-889136Z-a-7f49d5.sh,20260907T234928-889136Z-a-7f49d5.stdout.txt,20260907T234928-889136Z-a-7f49d5.stderr.txt
20260907T234929-139305Z-a-7c7352,wait-chain-sync,a,mesh,2026-09-07T23:49:29.141253+00:00,2026-09-07T23:49:29.424173+00:00,0.28305039999941073,0,20260907T234929-139305Z-a-7c7352.sh,20260907T234929-139305Z-a-7c7352.stdout.txt,20260907T234929-139305Z-a-7c7352.stderr.txt
20260907T234929-425152Z-b-61fe7b,wait-chain-sync,b,mesh,2026-09-07T23:49:29.427638+00:00,2026-09-07T23:49:29.883585+00:00,0.45542720000048575,0,20260907T234929-425152Z-b-61fe7b.sh,20260907T234929-425152Z-b-61fe7b.stdout.txt,20260907T234929-425152Z-b-61fe7b.stderr.txt
20260907T234929-884560Z-c-2f9b1d,wait-chain-sync,c,mesh,2026-09-07T23:49:29.884560+00:00,2026-09-07T23:49:30.380511+00:00,0.49503480000021227,0,20260907T234929-884560Z-c-2f9b1d.sh,20260907T234929-884560Z-c-2f9b1d.stdout.txt,20260907T234929-884560Z-c-2f9b1d.stderr.txt
20260907T234930-382463Z-b-3700ae,listchannels,b,mesh,2026-09-07T23:49:30.383441+00:00,2026-09-07T23:49:30.875165+00:00,0.4924276000001555,0,20260907T234930-382463Z-b-3700ae.sh,20260907T234930-382463Z-b-3700ae.stdout.txt,20260907T234930-382463Z-b-3700ae.stderr.txt
20260907T234930-876670Z-b-cef5cc,walletbalance,b,mesh,2026-09-07T23:49:30.877654+00:00,2026-09-07T23:49:31.366562+00:00,0.48845130000154313,0,20260907T234930-876670Z-b-cef5cc.sh,20260907T234930-876670Z-b-cef5cc.stdout.txt,20260907T234930-876670Z-b-cef5cc.stderr.txt
20260907T234931-367543Z-b-fb5c0e,cooperative-close,b,mesh,2026-09-07T23:49:31.369499+00:00,2026-09-07T23:49:37.537691+00:00,6.167913799999951,0,20260907T234931-367543Z-b-fb5c0e.sh,20260907T234931-367543Z-b-fb5c0e.stdout.txt,20260907T234931-367543Z-b-fb5c0e.stderr.txt
20260907T234937-538669Z-a-3c4244,getrawmempool,a,mesh,2026-09-07T23:49:37.539646+00:00,2026-09-07T23:49:40.490536+00:00,2.9509305999999924,0,20260907T234937-538669Z-a-3c4244.sh,20260907T234937-538669Z-a-3c4244.stdout.txt,20260907T234937-538669Z-a-3c4244.stderr.txt
20260907T234940-494000Z-a-caf9eb,getrawtransaction,a,mesh,2026-09-07T23:49:40.494000+00:00,2026-09-07T23:49:40.755810+00:00,0.26139530000000377,0,20260907T234940-494000Z-a-caf9eb.sh,20260907T234940-494000Z-a-caf9eb.stdout.txt,20260907T234940-494000Z-a-caf9eb.stderr.txt
20260907T234940-758774Z-a-cd64d3,mine-1-blocks,a,mesh,2026-09-07T23:49:40.759749+00:00,2026-09-07T23:49:41.069849+00:00,0.30972810000093887,0,20260907T234940-758774Z-a-cd64d3.sh,20260907T234940-758774Z-a-cd64d3.stdout.txt,20260907T234940-758774Z-a-cd64d3.stderr.txt
20260907T234941-072778Z-a-35a995,getblockcount,a,mesh,2026-09-07T23:49:41.073756+00:00,2026-09-07T23:49:41.323779+00:00,0.24895930000093358,0,20260907T234941-072778Z-a-35a995.sh,20260907T234941-072778Z-a-35a995.stdout.txt,20260907T234941-072778Z-a-35a995.stderr.txt
20260907T234941-325730Z-a-7ae520,wait-chain-sync,a,mesh,2026-09-07T23:49:41.326734+00:00,2026-09-07T23:49:41.624593+00:00,0.29804409999997006,0,20260907T234941-325730Z-a-7ae520.sh,20260907T234941-325730Z-a-7ae520.stdout.txt,20260907T234941-325730Z-a-7ae520.stderr.txt
20260907T234941-631958Z-b-e94a7c,wait-chain-sync,b,mesh,2026-09-07T23:49:41.631958+00:00,2026-09-07T23:49:42.239739+00:00,0.6071788000008382,0,20260907T234941-631958Z-b-e94a7c.sh,20260907T234941-631958Z-b-e94a7c.stdout.txt,20260907T234941-631958Z-b-e94a7c.stderr.txt
20260907T234942-242668Z-c-7f17d7,wait-chain-sync,c,mesh,2026-09-07T23:49:42.243645+00:00,2026-09-07T23:49:42.785649+00:00,0.5421349000007467,0,20260907T234942-242668Z-c-7f17d7.sh,20260907T234942-242668Z-c-7f17d7.stdout.txt,20260907T234942-242668Z-c-7f17d7.stderr.txt
20260907T234942-788133Z-b-5287e0,closed-channel-history,b,mesh,2026-09-07T23:49:42.789109+00:00,2026-09-07T23:49:43.253622+00:00,0.4644026000005397,0,20260907T234942-788133Z-b-5287e0.sh,20260907T234942-788133Z-b-5287e0.stdout.txt,20260907T234942-788133Z-b-5287e0.stderr.txt
20260907T234943-255573Z-b-bbae9b,walletbalance,b,mesh,2026-09-07T23:49:43.257077+00:00,2026-09-07T23:49:43.716952+00:00,0.4590941999995266,0,20260907T234943-255573Z-b-bbae9b.sh,20260907T234943-255573Z-b-bbae9b.stdout.txt,20260907T234943-255573Z-b-bbae9b.stderr.txt
20260907T234943-718910Z-b-ccd2aa,listchannels,b,mesh,2026-09-07T23:49:43.719885+00:00,2026-09-07T23:49:44.223971+00:00,0.5037360999995144,0,20260907T234943-718910Z-b-ccd2aa.sh,20260907T234943-718910Z-b-ccd2aa.stdout.txt,20260907T234943-718910Z-b-ccd2aa.stderr.txt
20260907T234944-224949Z-b-8ae45e,walletbalance,b,mesh,2026-09-07T23:49:44.225926+00:00,2026-09-07T23:49:44.677991+00:00,0.45207160000063595,0,20260907T234944-224949Z-b-8ae45e.sh,20260907T234944-224949Z-b-8ae45e.stdout.txt,20260907T234944-224949Z-b-8ae45e.stderr.txt
20260907T234944-679945Z-b-8a627e,force-close,b,mesh,2026-09-07T23:49:44.681897+00:00,2026-09-07T23:49:48.337218+00:00,3.655172799999491,0,20260907T234944-679945Z-b-8a627e.sh,20260907T234944-679945Z-b-8a627e.stdout.txt,20260907T234944-679945Z-b-8a627e.stderr.txt
20260907T234948-339176Z-a-d6fe59,getrawmempool,a,mesh,2026-09-07T23:49:48.340153+00:00,2026-09-07T23:49:51.314104+00:00,2.9732468000001973,0,20260907T234948-339176Z-a-d6fe59.sh,20260907T234948-339176Z-a-d6fe59.stdout.txt,20260907T234948-339176Z-a-d6fe59.stderr.txt
20260907T234951-316057Z-a-894cca,getrawtransaction,a,mesh,2026-09-07T23:49:51.317059+00:00,2026-09-07T23:49:51.575912+00:00,0.2590622000006988,0,20260907T234951-316057Z-a-894cca.sh,20260907T234951-316057Z-a-894cca.stdout.txt,20260907T234951-316057Z-a-894cca.stderr.txt
20260907T234951-579380Z-a-51805b,mine-1-blocks,a,mesh,2026-09-07T23:49:51.580359+00:00,2026-09-07T23:49:51.881013+00:00,0.2996510000011767,0,20260907T234951-579380Z-a-51805b.sh,20260907T234951-579380Z-a-51805b.stdout.txt,20260907T234951-579380Z-a-51805b.stderr.txt
20260907T234951-882964Z-a-262aa6,getblockcount,a,mesh,2026-09-07T23:49:51.883943+00:00,2026-09-07T23:49:52.148041+00:00,0.2634253999985958,0,20260907T234951-882964Z-a-262aa6.sh,20260907T234951-882964Z-a-262aa6.stdout.txt,20260907T234951-882964Z-a-262aa6.stderr.txt
20260907T234952-149994Z-a-a734c4,wait-chain-sync,a,mesh,2026-09-07T23:49:52.150973+00:00,2026-09-07T23:49:52.433988+00:00,0.28210760000001756,0,20260907T234952-149994Z-a-a734c4.sh,20260907T234952-149994Z-a-a734c4.stdout.txt,20260907T234952-149994Z-a-a734c4.stderr.txt
20260907T234952-434964Z-b-47a9f2,wait-chain-sync,b,mesh,2026-09-07T23:49:52.435941+00:00,2026-09-07T23:49:52.939212+00:00,0.5029813999990438,0,20260907T234952-434964Z-b-47a9f2.sh,20260907T234952-434964Z-b-47a9f2.stdout.txt,20260907T234952-434964Z-b-47a9f2.stderr.txt
20260907T234952-942141Z-c-37d516,wait-chain-sync,c,mesh,2026-09-07T23:49:52.942141+00:00,2026-09-07T23:49:55.085216+00:00,2.142463599999246,0,20260907T234952-942141Z-c-37d516.sh,20260907T234952-942141Z-c-37d516.stdout.txt,20260907T234952-942141Z-c-37d516.stderr.txt
20260907T234955-087197Z-b-cf4184,wait-force-close-maturity,b,mesh,2026-09-07T23:49:55.087197+00:00,2026-09-07T23:49:55.539178+00:00,0.4512832999989769,0,20260907T234955-087197Z-b-cf4184.sh,20260907T234955-087197Z-b-cf4184.stdout.txt,20260907T234955-087197Z-b-cf4184.stderr.txt
20260907T234955-542109Z-a-21ca52,getblockcount,a,mesh,2026-09-07T23:49:55.542109+00:00,2026-09-07T23:49:55.791881+00:00,0.24862089999987802,0,20260907T234955-542109Z-a-21ca52.sh,20260907T234955-542109Z-a-21ca52.stdout.txt,20260907T234955-542109Z-a-21ca52.stderr.txt
20260907T234955-795025Z-a-caefb7,mine-1008-blocks,a,mesh,2026-09-07T23:49:55.795551+00:00,2026-09-07T23:49:57.242402+00:00,1.446865699999762,0,20260907T234955-795025Z-a-caefb7.sh,20260907T234955-795025Z-a-caefb7.stdout.txt,20260907T234955-795025Z-a-caefb7.stderr.txt
20260907T234957-244355Z-a-0218b5,getblockcount,a,mesh,2026-09-07T23:49:57.245331+00:00,2026-09-07T23:49:57.504156+00:00,0.2582836999990832,0,20260907T234957-244355Z-a-0218b5.sh,20260907T234957-244355Z-a-0218b5.stdout.txt,20260907T234957-244355Z-a-0218b5.stderr.txt
20260907T234957-506111Z-a-cfc97f,wait-chain-sync,a,mesh,2026-09-07T23:49:57.506111+00:00,2026-09-07T23:49:57.818417+00:00,0.31111090000013064,0,20260907T234957-506111Z-a-cfc97f.sh,20260907T234957-506111Z-a-cfc97f.stdout.txt,20260907T234957-506111Z-a-cfc97f.stderr.txt
20260907T234959-820744Z-a-b045a7,wait-chain-sync,a,mesh,2026-09-07T23:49:59.822703+00:00,2026-09-07T23:50:03.832546+00:00,4.009987499999625,0,20260907T234959-820744Z-a-b045a7.sh,20260907T234959-820744Z-a-b045a7.stdout.txt,20260907T234959-820744Z-a-b045a7.stderr.txt
20260907T235005-835094Z-a-76c543,wait-chain-sync,a,mesh,2026-09-07T23:50:05.835094+00:00,2026-09-07T23:50:06.139583+00:00,0.30402499999945576,0,20260907T235005-835094Z-a-76c543.sh,20260907T235005-835094Z-a-76c543.stdout.txt,20260907T235005-835094Z-a-76c543.stderr.txt
20260907T235008-142449Z-a-27ed79,wait-chain-sync,a,mesh,2026-09-07T23:50:08.142449+00:00,2026-09-07T23:50:08.440553+00:00,0.29711500000121305,0,20260907T235008-142449Z-a-27ed79.sh,20260907T235008-142449Z-a-27ed79.stdout.txt,20260907T235008-142449Z-a-27ed79.stderr.txt
20260907T235010-443611Z-a-6fb801,wait-chain-sync,a,mesh,2026-09-07T23:50:10.443611+00:00,2026-09-07T23:50:13.439986+00:00,2.995511900000565,0,20260907T235010-443611Z-a-6fb801.sh,20260907T235010-443611Z-a-6fb801.stdout.txt,20260907T235010-443611Z-a-6fb801.stderr.txt
20260907T235015-441740Z-a-d49373,wait-chain-sync,a,mesh,2026-09-07T23:50:15.441740+00:00,2026-09-07T23:50:15.741903+00:00,0.29916190000039933,0,20260907T235015-441740Z-a-d49373.sh,20260907T235015-441740Z-a-d49373.stdout.txt,20260907T235015-441740Z-a-d49373.stderr.txt
20260907T235017-745162Z-a-1c108a,wait-chain-sync,a,mesh,2026-09-07T23:50:17.745162+00:00,2026-09-07T23:50:18.042830+00:00,0.29748599999948055,0,20260907T235017-745162Z-a-1c108a.sh,20260907T235017-745162Z-a-1c108a.stdout.txt,20260907T235017-745162Z-a-1c108a.stderr.txt
20260907T235020-046298Z-a-916a6f,wait-chain-sync,a,mesh,2026-09-07T23:50:20.046298+00:00,2026-09-07T23:50:20.392967+00:00,0.34557669999958307,0,20260907T235020-046298Z-a-916a6f.sh,20260907T235020-046298Z-a-916a6f.stdout.txt,20260907T235020-046298Z-a-916a6f.stderr.txt
20260907T235022-394859Z-a-6fa078,wait-chain-sync,a,mesh,2026-09-07T23:50:22.394859+00:00,2026-09-07T23:50:25.350390+00:00,2.954967800000304,0,20260907T235022-394859Z-a-6fa078.sh,20260907T235022-394859Z-a-6fa078.stdout.txt,20260907T235022-394859Z-a-6fa078.stderr.txt
20260907T235027-353988Z-a-f75ea1,wait-chain-sync,a,mesh,2026-09-07T23:50:27.353988+00:00,2026-09-07T23:50:27.678551+00:00,0.32366440000078,0,20260907T235027-353988Z-a-f75ea1.sh,20260907T235027-353988Z-a-f75ea1.stdout.txt,20260907T235027-353988Z-a-f75ea1.stderr.txt
20260907T235029-682173Z-a-a52ce9,wait-chain-sync,a,mesh,2026-09-07T23:50:29.682173+00:00,2026-09-07T23:50:29.978449+00:00,0.2956797999995615,0,20260907T235029-682173Z-a-a52ce9.sh,20260907T235029-682173Z-a-a52ce9.stdout.txt,20260907T235029-682173Z-a-a52ce9.stderr.txt
20260907T235031-980858Z-a-cea17f,wait-chain-sync,a,mesh,2026-09-07T23:50:31.980858+00:00,2026-09-07T23:50:32.269674+00:00,0.28772900000149093,0,20260907T235031-980858Z-a-cea17f.sh,20260907T235031-980858Z-a-cea17f.stdout.txt,20260907T235031-980858Z-a-cea17f.stderr.txt
20260907T235034-271689Z-a-7c31fa,wait-chain-sync,a,mesh,2026-09-07T23:50:34.271689+00:00,2026-09-07T23:50:37.269837+00:00,2.9968733999994583,0,20260907T235034-271689Z-a-7c31fa.sh,20260907T235034-271689Z-a-7c31fa.stdout.txt,20260907T235034-271689Z-a-7c31fa.stderr.txt
20260907T235039-271391Z-a-390fa7,wait-chain-sync,a,mesh,2026-09-07T23:50:39.271391+00:00,2026-09-07T23:50:39.575747+00:00,0.30353230000037,0,20260907T235039-271391Z-a-390fa7.sh,20260907T235039-271391Z-a-390fa7.stdout.txt,20260907T235039-271391Z-a-390fa7.stderr.txt
20260907T235041-579343Z-a-b833ce,wait-chain-sync,a,mesh,2026-09-07T23:50:41.579343+00:00,2026-09-07T23:50:41.873631+00:00,0.2941069000007701,0,20260907T235041-579343Z-a-b833ce.sh,20260907T235041-579343Z-a-b833ce.stdout.txt,20260907T235041-579343Z-a-b833ce.stderr.txt
20260907T235043-877305Z-a-980d91,wait-chain-sync,a,mesh,2026-09-07T23:50:43.877305+00:00,2026-09-07T23:50:44.222047+00:00,0.34418189999996684,0,20260907T235043-877305Z-a-980d91.sh,20260907T235043-877305Z-a-980d91.stdout.txt,20260907T235043-877305Z-a-980d91.stderr.txt
20260907T235044-225954Z-b-41df4a,wait-chain-sync,b,mesh,2026-09-07T23:50:44.226929+00:00,2026-09-07T23:50:47.395084+00:00,3.168048200001067,0,20260907T235044-225954Z-b-41df4a.sh,20260907T235044-225954Z-b-41df4a.stdout.txt,20260907T235044-225954Z-b-41df4a.stderr.txt
20260907T235047-398012Z-c-d692b3,wait-chain-sync,c,mesh,2026-09-07T23:50:47.399017+00:00,2026-09-07T23:50:47.921092+00:00,0.5219628000013472,0,20260907T235047-398012Z-c-d692b3.sh,20260907T235047-398012Z-c-d692b3.stdout.txt,20260907T235047-398012Z-c-d692b3.stderr.txt
20260907T235047-924024Z-a-44fefe,wait-sweep-mempool,a,mesh,2026-09-07T23:50:47.924024+00:00,2026-09-07T23:50:48.197095+00:00,0.2723943999990297,0,20260907T235047-924024Z-a-44fefe.sh,20260907T235047-924024Z-a-44fefe.stdout.txt,20260907T235047-924024Z-a-44fefe.stderr.txt
20260907T235048-199073Z-a-c05015,getrawtransaction,a,mesh,2026-09-07T23:50:48.200054+00:00,2026-09-07T23:50:48.472800+00:00,0.2724367999999231,0,20260907T235048-199073Z-a-c05015.sh,20260907T235048-199073Z-a-c05015.stdout.txt,20260907T235048-199073Z-a-c05015.stderr.txt
20260907T235048-475735Z-a-65d75a,mine-1-blocks,a,mesh,2026-09-07T23:50:48.476712+00:00,2026-09-07T23:50:48.777783+00:00,0.30069320000075095,0,20260907T235048-475735Z-a-65d75a.sh,20260907T235048-475735Z-a-65d75a.stdout.txt,20260907T235048-475735Z-a-65d75a.stderr.txt
20260907T235048-780266Z-a-a35d96,getblockcount,a,mesh,2026-09-07T23:50:48.781246+00:00,2026-09-07T23:50:49.049040+00:00,0.2673015000000305,0,20260907T235048-780266Z-a-a35d96.sh,20260907T235048-780266Z-a-a35d96.stdout.txt,20260907T235048-780266Z-a-a35d96.stderr.txt
20260907T235049-051974Z-a-f92950,wait-chain-sync,a,mesh,2026-09-07T23:50:49.051974+00:00,2026-09-07T23:50:49.372182+00:00,0.3191707999994833,0,20260907T235049-051974Z-a-f92950.sh,20260907T235049-051974Z-a-f92950.stdout.txt,20260907T235049-051974Z-a-f92950.stderr.txt
20260907T235049-373158Z-b-252064,wait-chain-sync,b,mesh,2026-09-07T23:50:49.375113+00:00,2026-09-07T23:50:49.831961+00:00,0.4555603000007977,0,20260907T235049-373158Z-b-252064.sh,20260907T235049-373158Z-b-252064.stdout.txt,20260907T235049-373158Z-b-252064.stderr.txt
20260907T235049-832937Z-c-5bf2be,wait-chain-sync,c,mesh,2026-09-07T23:50:49.834890+00:00,2026-09-07T23:50:50.297840+00:00,0.4625281000007817,0,20260907T235049-832937Z-c-5bf2be.sh,20260907T235049-832937Z-c-5bf2be.stdout.txt,20260907T235049-832937Z-c-5bf2be.stderr.txt
20260907T235050-299345Z-b-2a38c2,force-close-fully-resolved,b,mesh,2026-09-07T23:50:50.300329+00:00,2026-09-07T23:50:50.815623+00:00,0.5153303000006417,0,20260907T235050-299345Z-b-2a38c2.sh,20260907T235050-299345Z-b-2a38c2.stdout.txt,20260907T235050-299345Z-b-2a38c2.stderr.txt
20260907T235050-819077Z-b-f53880,closed-channel-history,b,mesh,2026-09-07T23:50:50.819077+00:00,2026-09-07T23:50:51.269326+00:00,0.4495788000003813,0,20260907T235050-819077Z-b-f53880.sh,20260907T235050-819077Z-b-f53880.stdout.txt,20260907T235050-819077Z-b-f53880.stderr.txt
20260907T235051-272260Z-b-6c619e,walletbalance,b,mesh,2026-09-07T23:50:51.273236+00:00,2026-09-07T23:50:51.798314+00:00,0.5253929999998945,0,20260907T235051-272260Z-b-6c619e.sh,20260907T235051-272260Z-b-6c619e.stdout.txt,20260907T235051-272260Z-b-6c619e.stderr.txt
20260907T235051-800299Z-a-069f1d,listchannels,a,mesh,2026-09-07T23:50:51.801274+00:00,2026-09-07T23:50:52.085270+00:00,0.28309599999920465,0,20260907T235051-800299Z-a-069f1d.sh,20260907T235051-800299Z-a-069f1d.stdout.txt,20260907T235051-800299Z-a-069f1d.stderr.txt
20260907T235052-087223Z-a-91e930,connect-a-b,a,mesh,2026-09-07T23:50:52.088200+00:00,2026-09-07T23:50:52.402133+00:00,0.31422510000084003,1,20260907T235052-087223Z-a-91e930.sh,20260907T235052-087223Z-a-91e930.stdout.txt,20260907T235052-087223Z-a-91e930.stderr.txt
20260907T235052-404087Z-a-18c3d8,open-a-b,a,mesh,2026-09-07T23:50:52.404087+00:00,2026-09-07T23:50:53.230500+00:00,0.8253363999992871,0,20260907T235052-404087Z-a-18c3d8.sh,20260907T235052-404087Z-a-18c3d8.stdout.txt,20260907T235052-404087Z-a-18c3d8.stderr.txt
20260907T235053-231477Z-a-2e5525,funding-mempool,a,mesh,2026-09-07T23:50:53.232455+00:00,2026-09-07T23:50:53.488018+00:00,0.2550964000001841,0,20260907T235053-231477Z-a-2e5525.sh,20260907T235053-231477Z-a-2e5525.stdout.txt,20260907T235053-231477Z-a-2e5525.stderr.txt
20260907T235053-404049Z-a-57a180,accelerated-mining-sync-diagnostic,a,mesh,2026-09-07T23:50:53.405029+00:00,2026-09-07T23:50:53.740127+00:00,0.3340502999999444,0,20260907T235053-404049Z-a-57a180.sh,20260907T235053-404049Z-a-57a180.stdout.txt,20260907T235053-404049Z-a-57a180.stderr.txt
20260907T235053-495395Z-a-6f3fb5,mine-6-blocks,a,mesh,2026-09-07T23:50:53.496374+00:00,2026-09-07T23:50:53.829338+00:00,0.3325927000005322,0,20260907T235053-495395Z-a-6f3fb5.sh,20260907T235053-495395Z-a-6f3fb5.stdout.txt,20260907T235053-495395Z-a-6f3fb5.stderr.txt
20260907T235053-831295Z-a-e2c4f4,getblockcount,a,mesh,2026-09-07T23:50:53.832272+00:00,2026-09-07T23:50:54.098094+00:00,0.2653580000005604,0,20260907T235053-831295Z-a-e2c4f4.sh,20260907T235053-831295Z-a-e2c4f4.stdout.txt,20260907T235053-831295Z-a-e2c4f4.stderr.txt
20260907T235054-100580Z-a-d38220,wait-chain-sync,a,mesh,2026-09-07T23:50:54.100580+00:00,2026-09-07T23:50:54.421228+00:00,0.31979429999955755,0,20260907T235054-100580Z-a-d38220.sh,20260907T235054-100580Z-a-d38220.stdout.txt,20260907T235054-100580Z-a-d38220.stderr.txt
20260907T235054-424154Z-b-7b70d0,wait-chain-sync,b,mesh,2026-09-07T23:50:54.424154+00:00,2026-09-07T23:50:58.160516+00:00,3.734972399999606,0,20260907T235054-424154Z-b-7b70d0.sh,20260907T235054-424154Z-b-7b70d0.stdout.txt,20260907T235054-424154Z-b-7b70d0.stderr.txt
20260907T235058-161492Z-c-7def0f,wait-chain-sync,c,mesh,2026-09-07T23:50:58.161492+00:00,2026-09-07T23:50:58.864226+00:00,0.7019185999997717,0,20260907T235058-161492Z-c-7def0f.sh,20260907T235058-161492Z-c-7def0f.stdout.txt,20260907T235058-161492Z-c-7def0f.stderr.txt
20260907T235058-868131Z-a-67a00f,wait-active-a-b,a,mesh,2026-09-07T23:50:58.869635+00:00,2026-09-07T23:50:59.171273+00:00,0.30111310000029334,0,20260907T235058-868131Z-a-67a00f.sh,20260907T235058-868131Z-a-67a00f.stdout.txt,20260907T235058-868131Z-a-67a00f.stderr.txt
20260907T235059-173225Z-b-e115f3,wait-active-b-a,b,mesh,2026-09-07T23:50:59.173225+00:00,2026-09-07T23:51:00.232739+00:00,1.059062599999379,0,20260907T235059-173225Z-b-e115f3.sh,20260907T235059-173225Z-b-e115f3.stdout.txt,20260907T235059-173225Z-b-e115f3.stderr.txt
20260907T235100-236641Z-a-1bbe01,listchannels,a,mesh,2026-09-07T23:51:00.237618+00:00,2026-09-07T23:51:00.582517+00:00,0.3441277000001719,0,20260907T235100-236641Z-a-1bbe01.sh,20260907T235100-236641Z-a-1bbe01.stdout.txt,20260907T235100-236641Z-a-1bbe01.stderr.txt
20260907T235100-583494Z-a-cfc440,getrawtransaction,a,mesh,2026-09-07T23:51:00.586422+00:00,2026-09-07T23:51:00.854652+00:00,0.26822620000166353,0,20260907T235100-583494Z-a-cfc440.sh,20260907T235100-583494Z-a-cfc440.stdout.txt,20260907T235100-583494Z-a-cfc440.stderr.txt
20260907T235100-856605Z-b-22c5d2,listchannels,b,mesh,2026-09-07T23:51:00.860535+00:00,2026-09-07T23:51:01.955563+00:00,1.0946860000003653,0,20260907T235100-856605Z-b-22c5d2.sh,20260907T235100-856605Z-b-22c5d2.stdout.txt,20260907T235100-856605Z-b-22c5d2.stderr.txt
20260907T235101-957513Z-b-8a7144,connect-b-c,b,mesh,2026-09-07T23:51:01.958493+00:00,2026-09-07T23:51:02.983430+00:00,1.0240814000007958,1,20260907T235101-957513Z-b-8a7144.sh,20260907T235101-957513Z-b-8a7144.stdout.txt,20260907T235101-957513Z-b-8a7144.stderr.txt
20260907T235102-984407Z-b-b3d7b9,open-b-c,b,mesh,2026-09-07T23:51:02.987337+00:00,2026-09-07T23:51:07.377772+00:00,4.389142600000923,0,20260907T235102-984407Z-b-b3d7b9.sh,20260907T235102-984407Z-b-b3d7b9.stdout.txt,20260907T235102-984407Z-b-b3d7b9.stderr.txt
20260907T235107-378752Z-a-4f1dd6,funding-mempool,a,mesh,2026-09-07T23:51:07.381713+00:00,2026-09-07T23:51:10.349872+00:00,2.9675898000004963,0,20260907T235107-378752Z-a-4f1dd6.sh,20260907T235107-378752Z-a-4f1dd6.stdout.txt,20260907T235107-378752Z-a-4f1dd6.stderr.txt
20260907T235110-350857Z-a-599645,mine-6-blocks,a,mesh,2026-09-07T23:51:10.353782+00:00,2026-09-07T23:51:10.648512+00:00,0.2946767999983422,0,20260907T235110-350857Z-a-599645.sh,20260907T235110-350857Z-a-599645.stdout.txt,20260907T235110-350857Z-a-599645.stderr.txt
20260907T235110-658810Z-a-33efb8,getblockcount,a,mesh,2026-09-07T23:51:10.658810+00:00,2026-09-07T23:51:10.912723+00:00,0.25376300000061747,0,20260907T235110-658810Z-a-33efb8.sh,20260907T235110-658810Z-a-33efb8.stdout.txt,20260907T235110-658810Z-a-33efb8.stderr.txt
20260907T235110-921093Z-a-c25b45,wait-chain-sync,a,mesh,2026-09-07T23:51:10.921093+00:00,2026-09-07T23:51:11.205043+00:00,0.2831839000009495,0,20260907T235110-921093Z-a-c25b45.sh,20260907T235110-921093Z-a-c25b45.stdout.txt,20260907T235110-921093Z-a-c25b45.stderr.txt
20260907T235111-206019Z-b-881c6e,wait-chain-sync,b,mesh,2026-09-07T23:51:11.207002+00:00,2026-09-07T23:51:12.039980+00:00,0.8321859999996377,0,20260907T235111-206019Z-b-881c6e.sh,20260907T235111-206019Z-b-881c6e.stdout.txt,20260907T235111-206019Z-b-881c6e.stderr.txt
20260907T235112-043897Z-c-75e4c3,wait-chain-sync,c,mesh,2026-09-07T23:51:12.043897+00:00,2026-09-07T23:51:13.183065+00:00,1.138022600000113,0,20260907T235112-043897Z-c-75e4c3.sh,20260907T235112-043897Z-c-75e4c3.stdout.txt,20260907T235112-043897Z-c-75e4c3.stderr.txt
20260907T235113-184041Z-b-c74cc7,wait-active-b-c,b,mesh,2026-09-07T23:51:13.184041+00:00,2026-09-07T23:51:13.992170+00:00,0.8076083000014478,0,20260907T235113-184041Z-b-c74cc7.sh,20260907T235113-184041Z-b-c74cc7.stdout.txt,20260907T235113-184041Z-b-c74cc7.stderr.txt
20260907T235113-997053Z-c-d2995f,wait-active-c-b,c,mesh,2026-09-07T23:51:13.998031+00:00,2026-09-07T23:51:14.903057+00:00,0.9044852000006358,0,20260907T235113-997053Z-c-d2995f.sh,20260907T235113-997053Z-c-d2995f.stdout.txt,20260907T235113-997053Z-c-d2995f.stderr.txt
20260907T235114-905986Z-b-9bb607,listchannels,b,mesh,2026-09-07T23:51:14.906964+00:00,2026-09-07T23:51:15.735218+00:00,0.8280690000010509,0,20260907T235114-905986Z-b-9bb607.sh,20260907T235114-905986Z-b-9bb607.stdout.txt,20260907T235114-905986Z-b-9bb607.stderr.txt
20260907T235115-736193Z-a-3230ad,getrawtransaction,a,mesh,2026-09-07T23:51:15.741104+00:00,2026-09-07T23:51:16.032014+00:00,0.2903459999997722,0,20260907T235115-736193Z-a-3230ad.sh,20260907T235115-736193Z-a-3230ad.stdout.txt,20260907T235115-736193Z-a-3230ad.stderr.txt
20260907T235116-033964Z-a-13c06a,walletbalance,a,mesh,2026-09-07T23:51:16.033964+00:00,2026-09-07T23:51:16.435854+00:00,0.4009487999992416,0,20260907T235116-033964Z-a-13c06a.sh,20260907T235116-033964Z-a-13c06a.stdout.txt,20260907T235116-033964Z-a-13c06a.stderr.txt
20260907T235116-436831Z-a-d5612c,channelbalance,a,mesh,2026-09-07T23:51:16.437806+00:00,2026-09-07T23:51:16.724071+00:00,0.2860595000001922,0,20260907T235116-436831Z-a-d5612c.sh,20260907T235116-436831Z-a-d5612c.stdout.txt,20260907T235116-436831Z-a-d5612c.stderr.txt
20260907T235116-728953Z-a-239008,listchannels,a,mesh,2026-09-07T23:51:16.732891+00:00,2026-09-07T23:51:17.018346+00:00,0.28555469999992056,0,20260907T235116-728953Z-a-239008.sh,20260907T235116-728953Z-a-239008.stdout.txt,20260907T235116-728953Z-a-239008.stderr.txt
20260907T235117-020332Z-a-e0d9d5,pendingchannels,a,mesh,2026-09-07T23:51:17.023266+00:00,2026-09-07T23:51:17.320052+00:00,0.2964438999988488,0,20260907T235117-020332Z-a-e0d9d5.sh,20260907T235117-020332Z-a-e0d9d5.stdout.txt,20260907T235117-020332Z-a-e0d9d5.stderr.txt
20260907T235117-322008Z-a-eb7130,getinfo,a,mesh,2026-09-07T23:51:17.327870+00:00,2026-09-07T23:51:20.282206+00:00,2.9539453999987018,0,20260907T235117-322008Z-a-eb7130.sh,20260907T235117-322008Z-a-eb7130.stdout.txt,20260907T235117-322008Z-a-eb7130.stderr.txt
20260907T235120-286114Z-b-00e85d,walletbalance,b,mesh,2026-09-07T23:51:20.286114+00:00,2026-09-07T23:51:20.807965+00:00,0.5210929000004398,0,20260907T235120-286114Z-b-00e85d.sh,20260907T235120-286114Z-b-00e85d.stdout.txt,20260907T235120-286114Z-b-00e85d.stderr.txt
20260907T235120-808942Z-b-1fa4a7,channelbalance,b,mesh,2026-09-07T23:51:20.811426+00:00,2026-09-07T23:51:21.320263+00:00,0.508916799999497,0,20260907T235120-808942Z-b-1fa4a7.sh,20260907T235120-808942Z-b-1fa4a7.stdout.txt,20260907T235120-808942Z-b-1fa4a7.stderr.txt
20260907T235121-322224Z-b-f6b9ed,listchannels,b,mesh,2026-09-07T23:51:21.322224+00:00,2026-09-07T23:51:21.792136+00:00,0.4693905999993149,0,20260907T235121-322224Z-b-f6b9ed.sh,20260907T235121-322224Z-b-f6b9ed.stdout.txt,20260907T235121-322224Z-b-f6b9ed.stderr.txt
20260907T235121-794087Z-b-f26d7c,pendingchannels,b,mesh,2026-09-07T23:51:21.794087+00:00,2026-09-07T23:51:22.252337+00:00,0.45730469999944034,0,20260907T235121-794087Z-b-f26d7c.sh,20260907T235121-794087Z-b-f26d7c.stdout.txt,20260907T235121-794087Z-b-f26d7c.stderr.txt
20260907T235122-259173Z-b-c81e9c,getinfo,b,mesh,2026-09-07T23:51:22.263109+00:00,2026-09-07T23:51:22.771557+00:00,0.507983299999978,0,20260907T235122-259173Z-b-c81e9c.sh,20260907T235122-259173Z-b-c81e9c.stdout.txt,20260907T235122-259173Z-b-c81e9c.stderr.txt
20260907T235122-772533Z-c-84cac8,walletbalance,c,mesh,2026-09-07T23:51:22.779367+00:00,2026-09-07T23:51:23.366310+00:00,0.5865785000005417,0,20260907T235122-772533Z-c-84cac8.sh,20260907T235122-772533Z-c-84cac8.stdout.txt,20260907T235122-772533Z-c-84cac8.stderr.txt
20260907T235123-369240Z-c-9376f8,channelbalance,c,mesh,2026-09-07T23:51:23.370243+00:00,2026-09-07T23:51:23.891368+00:00,0.5211533000001509,0,20260907T235123-369240Z-c-9376f8.sh,20260907T235123-369240Z-c-9376f8.stdout.txt,20260907T235123-369240Z-c-9376f8.stderr.txt
20260907T235123-894291Z-c-01f93b,listchannels,c,mesh,2026-09-07T23:51:23.895268+00:00,2026-09-07T23:51:24.406508+00:00,0.5106527999996615,0,20260907T235123-894291Z-c-01f93b.sh,20260907T235123-894291Z-c-01f93b.stdout.txt,20260907T235123-894291Z-c-01f93b.stderr.txt
20260907T235124-410441Z-c-7f9073,pendingchannels,c,mesh,2026-09-07T23:51:24.411426+00:00,2026-09-07T23:51:24.893279+00:00,0.48146599999927275,0,20260907T235124-410441Z-c-7f9073.sh,20260907T235124-410441Z-c-7f9073.stdout.txt,20260907T235124-410441Z-c-7f9073.stderr.txt
20260907T235124-894252Z-c-31cb61,getinfo,c,mesh,2026-09-07T23:51:24.898161+00:00,2026-09-07T23:51:25.400675+00:00,0.5020261000008759,0,20260907T235124-894252Z-c-31cb61.sh,20260907T235124-894252Z-c-31cb61.stdout.txt,20260907T235124-894252Z-c-31cb61.stderr.txt
20260907T235133-950796Z-a-d415dd,identify-regtest,a,mesh,2026-09-07T23:51:33.951779+00:00,2026-09-07T23:51:36.947537+00:00,2.9949907999998686,0,20260907T235133-950796Z-a-d415dd.sh,20260907T235133-950796Z-a-d415dd.stdout.txt,20260907T235133-950796Z-a-d415dd.stderr.txt
20260907T235136-948514Z-b-bfd024,identify-regtest,b,mesh,2026-09-07T23:51:36.949495+00:00,2026-09-07T23:51:37.491082+00:00,0.5416492000003927,0,20260907T235136-948514Z-b-bfd024.sh,20260907T235136-948514Z-b-bfd024.stdout.txt,20260907T235136-948514Z-b-bfd024.stderr.txt
20260907T235137-495970Z-c-393307,identify-regtest,c,mesh,2026-09-07T23:51:37.495970+00:00,2026-09-07T23:51:38.028747+00:00,0.5320606999994197,0,20260907T235137-495970Z-c-393307.sh,20260907T235137-495970Z-c-393307.stdout.txt,20260907T235137-495970Z-c-393307.stderr.txt
20260907T235138-029725Z-a-9904c7,getblockchaininfo,a,mesh,2026-09-07T23:51:38.030729+00:00,2026-09-07T23:51:38.290938+00:00,0.2601912000009179,0,20260907T235138-029725Z-a-9904c7.sh,20260907T235138-029725Z-a-9904c7.stdout.txt,20260907T235138-029725Z-a-9904c7.stderr.txt
20260907T235138-294849Z-a-bda7dc,getblockcount,a,mesh,2026-09-07T23:51:38.298754+00:00,2026-09-07T23:51:38.558521+00:00,0.25941270000112127,0,20260907T235138-294849Z-a-bda7dc.sh,20260907T235138-294849Z-a-bda7dc.stdout.txt,20260907T235138-294849Z-a-bda7dc.stderr.txt
20260907T235138-559502Z-a-094b19,wait-chain-sync,a,mesh,2026-09-07T23:51:38.562963+00:00,2026-09-07T23:51:38.865756+00:00,0.3024115999996866,0,20260907T235138-559502Z-a-094b19.sh,20260907T235138-559502Z-a-094b19.stdout.txt,20260907T235138-559502Z-a-094b19.stderr.txt
20260907T235138-868687Z-b-64485a,wait-chain-sync,b,mesh,2026-09-07T23:51:38.869663+00:00,2026-09-07T23:51:39.332024+00:00,0.46181500000056985,0,20260907T235138-868687Z-b-64485a.sh,20260907T235138-868687Z-b-64485a.stdout.txt,20260907T235138-868687Z-b-64485a.stderr.txt
20260907T235139-334952Z-c-6ec463,wait-chain-sync,c,mesh,2026-09-07T23:51:39.334952+00:00,2026-09-07T23:51:39.867554+00:00,0.5316206000006787,0,20260907T235139-334952Z-c-6ec463.sh,20260907T235139-334952Z-c-6ec463.stdout.txt,20260907T235139-334952Z-c-6ec463.stderr.txt
20260907T235139-870155Z-c-d613dc,addinvoice,c,mesh,2026-09-07T23:51:39.870826+00:00,2026-09-07T23:51:40.376931+00:00,0.5057140000008076,0,20260907T235139-870155Z-c-d613dc.sh,20260907T235139-870155Z-c-d613dc.stdout.txt,20260907T235139-870155Z-c-d613dc.stderr.txt
20260907T235140-381843Z-b-c1ba07,payment-baseline-chain-running-b-c-1,b,mesh,2026-09-07T23:51:40.382820+00:00,2026-09-07T23:51:41.112816+00:00,0.7301769999994576,0,20260907T235140-381843Z-b-c1ba07.sh,20260907T235140-381843Z-b-c1ba07.stdout.txt,20260907T235140-381843Z-b-c1ba07.stderr.txt
20260907T235141-120651Z-c-1b2950,lookupinvoice,c,mesh,2026-09-07T23:51:41.121195+00:00,2026-09-07T23:51:41.564894+00:00,0.44362140000157524,0,20260907T235141-120651Z-c-1b2950.sh,20260907T235141-120651Z-c-1b2950.stdout.txt,20260907T235141-120651Z-c-1b2950.stderr.txt
20260907T235141-570782Z-c-a98ffb,addinvoice,c,mesh,2026-09-07T23:51:41.570782+00:00,2026-09-07T23:51:42.053786+00:00,0.4825738999988971,0,20260907T235141-570782Z-c-a98ffb.sh,20260907T235141-570782Z-c-a98ffb.stdout.txt,20260907T235141-570782Z-c-a98ffb.stderr.txt
20260907T235142-058666Z-b-1366b1,payment-baseline-chain-running-b-c-2,b,mesh,2026-09-07T23:51:42.058666+00:00,2026-09-07T23:51:42.798599+00:00,0.7390496000007261,0,20260907T235142-058666Z-b-1366b1.sh,20260907T235142-058666Z-b-1366b1.stdout.txt,20260907T235142-058666Z-b-1366b1.stderr.txt
20260907T235142-803041Z-c-495f97,lookupinvoice,c,mesh,2026-09-07T23:51:42.804017+00:00,2026-09-07T23:51:43.328934+00:00,0.5252158000002964,0,20260907T235142-803041Z-c-495f97.sh,20260907T235142-803041Z-c-495f97.stdout.txt,20260907T235142-803041Z-c-495f97.stderr.txt
20260907T235143-333848Z-c-324526,addinvoice,c,mesh,2026-09-07T23:51:43.333848+00:00,2026-09-07T23:51:46.467135+00:00,3.132444900000337,0,20260907T235143-333848Z-c-324526.sh,20260907T235143-333848Z-c-324526.stdout.txt,20260907T235143-333848Z-c-324526.stderr.txt
20260907T235146-469089Z-b-494804,payment-baseline-chain-running-b-c-3,b,mesh,2026-09-07T23:51:46.470065+00:00,2026-09-07T23:51:47.217789+00:00,0.747768699999142,0,20260907T235146-469089Z-b-494804.sh,20260907T235146-469089Z-b-494804.stdout.txt,20260907T235146-469089Z-b-494804.stderr.txt
20260907T235147-221244Z-c-057690,lookupinvoice,c,mesh,2026-09-07T23:51:47.225703+00:00,2026-09-07T23:51:47.726725+00:00,0.5010047999985545,0,20260907T235147-221244Z-c-057690.sh,20260907T235147-221244Z-c-057690.stdout.txt,20260907T235147-221244Z-c-057690.stderr.txt
20260907T235147-728682Z-c-b06d96,addinvoice,c,mesh,2026-09-07T23:51:47.729655+00:00,2026-09-07T23:51:48.249928+00:00,0.5194544999994832,0,20260907T235147-728682Z-c-b06d96.sh,20260907T235147-728682Z-c-b06d96.stdout.txt,20260907T235147-728682Z-c-b06d96.stderr.txt
20260907T235148-254365Z-b-bc21d5,payment-baseline-chain-running-b-c-4,b,mesh,2026-09-07T23:51:48.255341+00:00,2026-09-07T23:51:49.053212+00:00,0.7974346000009973,0,20260907T235148-254365Z-b-bc21d5.sh,20260907T235148-254365Z-b-bc21d5.stdout.txt,20260907T235148-254365Z-b-bc21d5.stderr.txt
20260907T235149-055165Z-c-d84a23,lookupinvoice,c,mesh,2026-09-07T23:51:49.056143+00:00,2026-09-07T23:51:49.587126+00:00,0.5302945999992517,0,20260907T235149-055165Z-c-d84a23.sh,20260907T235149-055165Z-c-d84a23.stdout.txt,20260907T235149-055165Z-c-d84a23.stderr.txt
20260907T235149-591064Z-c-365b68,addinvoice,c,mesh,2026-09-07T23:51:49.592047+00:00,2026-09-07T23:51:50.099256+00:00,0.5070952000005491,0,20260907T235149-591064Z-c-365b68.sh,20260907T235149-591064Z-c-365b68.stdout.txt,20260907T235149-591064Z-c-365b68.stderr.txt
20260907T235150-103199Z-b-31b680,payment-baseline-chain-running-b-c-5,b,mesh,2026-09-07T23:51:50.104174+00:00,2026-09-07T23:51:50.865988+00:00,0.761948499999562,0,20260907T235150-103199Z-b-31b680.sh,20260907T235150-103199Z-b-31b680.stdout.txt,20260907T235150-103199Z-b-31b680.stderr.txt
20260907T235150-878238Z-c-c91075,lookupinvoice,c,mesh,2026-09-07T23:51:50.878238+00:00,2026-09-07T23:51:51.373513+00:00,0.4947652000009839,0,20260907T235150-878238Z-c-c91075.sh,20260907T235150-878238Z-c-c91075.stdout.txt,20260907T235150-878238Z-c-c91075.stderr.txt
20260907T235151-380349Z-c-796843,addinvoice,c,mesh,2026-09-07T23:51:51.381353+00:00,2026-09-07T23:51:51.869918+00:00,0.4882067999988067,0,20260907T235151-380349Z-c-796843.sh,20260907T235151-380349Z-c-796843.stdout.txt,20260907T235151-380349Z-c-796843.stderr.txt
20260907T235151-876309Z-b-b942dc,payment-baseline-chain-running-b-c-6,b,mesh,2026-09-07T23:51:51.877288+00:00,2026-09-07T23:51:52.645984+00:00,0.7683218000001943,0,20260907T235151-876309Z-b-b942dc.sh,20260907T235151-876309Z-b-b942dc.stdout.txt,20260907T235151-876309Z-b-b942dc.stderr.txt
20260907T235152-649889Z-c-b1a9b4,lookupinvoice,c,mesh,2026-09-07T23:51:52.653350+00:00,2026-09-07T23:51:53.134544+00:00,0.48046099999919534,0,20260907T235152-649889Z-c-b1a9b4.sh,20260907T235152-649889Z-c-b1a9b4.stdout.txt,20260907T235152-649889Z-c-b1a9b4.stderr.txt
20260907T235153-136497Z-c-c5a795,addinvoice,c,mesh,2026-09-07T23:51:53.138450+00:00,2026-09-07T23:51:56.323379+00:00,3.184562599999481,0,20260907T235153-136497Z-c-c5a795.sh,20260907T235153-136497Z-c-c5a795.stdout.txt,20260907T235153-136497Z-c-c5a795.stderr.txt
20260907T235156-325335Z-b-a14068,payment-baseline-chain-running-b-c-7,b,mesh,2026-09-07T23:51:56.325335+00:00,2026-09-07T23:51:57.100162+00:00,0.7742135000007693,0,20260907T235156-325335Z-b-a14068.sh,20260907T235156-325335Z-b-a14068.stdout.txt,20260907T235156-325335Z-b-a14068.stderr.txt
20260907T235157-101666Z-c-e6f773,lookupinvoice,c,mesh,2026-09-07T23:51:57.102648+00:00,2026-09-07T23:51:57.589413+00:00,0.4870541999989655,0,20260907T235157-101666Z-c-e6f773.sh,20260907T235157-101666Z-c-e6f773.stdout.txt,20260907T235157-101666Z-c-e6f773.stderr.txt
20260907T235157-593352Z-c-30a324,addinvoice,c,mesh,2026-09-07T23:51:57.594329+00:00,2026-09-07T23:51:58.078464+00:00,0.4838335000004008,0,20260907T235157-593352Z-c-30a324.sh,20260907T235157-593352Z-c-30a324.stdout.txt,20260907T235157-593352Z-c-30a324.stderr.txt
20260907T235158-089237Z-b-adfa58,payment-baseline-chain-running-b-c-8,b,mesh,2026-09-07T23:51:58.090218+00:00,2026-09-07T23:51:58.859283+00:00,0.7687893999991502,0,20260907T235158-089237Z-b-adfa58.sh,20260907T235158-089237Z-b-adfa58.stdout.txt,20260907T235158-089237Z-b-adfa58.stderr.txt
20260907T235158-866646Z-c-01dd1f,lookupinvoice,c,mesh,2026-09-07T23:51:58.870552+00:00,2026-09-07T23:51:59.342456+00:00,0.4717733000015869,0,20260907T235158-866646Z-c-01dd1f.sh,20260907T235158-866646Z-c-01dd1f.stdout.txt,20260907T235158-866646Z-c-01dd1f.stderr.txt
20260907T235159-349446Z-c-c314b0,addinvoice,c,mesh,2026-09-07T23:51:59.350421+00:00,2026-09-07T23:51:59.851580+00:00,0.5001685999995971,0,20260907T235159-349446Z-c-c314b0.sh,20260907T235159-349446Z-c-c314b0.stdout.txt,20260907T235159-349446Z-c-c314b0.stderr.txt
20260907T235159-852560Z-b-e7d0c4,payment-baseline-chain-running-b-c-9,b,mesh,2026-09-07T23:51:59.859395+00:00,2026-09-07T23:52:00.619648+00:00,0.7596247999990737,0,20260907T235159-852560Z-b-e7d0c4.sh,20260907T235159-852560Z-b-e7d0c4.stdout.txt,20260907T235159-852560Z-b-e7d0c4.stderr.txt
20260907T235200-622608Z-c-f05687,lookupinvoice,c,mesh,2026-09-07T23:52:00.622608+00:00,2026-09-07T23:52:01.113585+00:00,0.4904769999993732,0,20260907T235200-622608Z-c-f05687.sh,20260907T235200-622608Z-c-f05687.stdout.txt,20260907T235200-622608Z-c-f05687.stderr.txt
20260907T235201-118465Z-c-90801a,addinvoice,c,mesh,2026-09-07T23:52:01.118465+00:00,2026-09-07T23:52:01.666623+00:00,0.5475060999997368,0,20260907T235201-118465Z-c-90801a.sh,20260907T235201-118465Z-c-90801a.stdout.txt,20260907T235201-118465Z-c-90801a.stderr.txt
20260907T235201-669556Z-b-cb4c05,payment-baseline-chain-running-b-c-10,b,mesh,2026-09-07T23:52:01.669556+00:00,2026-09-07T23:52:02.488743+00:00,0.8184723000013037,0,20260907T235201-669556Z-b-cb4c05.sh,20260907T235201-669556Z-b-cb4c05.stdout.txt,20260907T235201-669556Z-b-cb4c05.stderr.txt
20260907T235202-491701Z-c-7315e6,lookupinvoice,c,mesh,2026-09-07T23:52:02.491701+00:00,2026-09-07T23:52:03.040401+00:00,0.5483262000016111,0,20260907T235202-491701Z-c-7315e6.sh,20260907T235202-491701Z-c-7315e6.stdout.txt,20260907T235202-491701Z-c-7315e6.stderr.txt
20260907T235203-042891Z-c-36b8a5,addinvoice,c,mesh,2026-09-07T23:52:03.042891+00:00,2026-09-07T23:52:03.522515+00:00,0.47850579999976617,0,20260907T235203-042891Z-c-36b8a5.sh,20260907T235203-042891Z-c-36b8a5.stdout.txt,20260907T235203-042891Z-c-36b8a5.stderr.txt
20260907T235203-523493Z-b-111e46,payment-baseline-chain-running-b-c-11,b,mesh,2026-09-07T23:52:03.524467+00:00,2026-09-07T23:52:06.962970+00:00,3.4382554999992863,0,20260907T235203-523493Z-b-111e46.sh,20260907T235203-523493Z-b-111e46.stdout.txt,20260907T235203-523493Z-b-111e46.stderr.txt
20260907T235206-964924Z-c-029290,lookupinvoice,c,mesh,2026-09-07T23:52:06.965901+00:00,2026-09-07T23:52:07.459863+00:00,0.4935717999996996,0,20260907T235206-964924Z-c-029290.sh,20260907T235206-964924Z-c-029290.stdout.txt,20260907T235206-964924Z-c-029290.stderr.txt
20260907T235207-461842Z-c-314e00,addinvoice,c,mesh,2026-09-07T23:52:07.462823+00:00,2026-09-07T23:52:07.936623+00:00,0.47312330000022484,0,20260907T235207-461842Z-c-314e00.sh,20260907T235207-461842Z-c-314e00.stdout.txt,20260907T235207-461842Z-c-314e00.stderr.txt
20260907T235207-937597Z-b-d27b57,payment-baseline-chain-running-b-c-12,b,mesh,2026-09-07T23:52:07.938573+00:00,2026-09-07T23:52:08.754960+00:00,0.8155550999999832,0,20260907T235207-937597Z-b-d27b57.sh,20260907T235207-937597Z-b-d27b57.stdout.txt,20260907T235207-937597Z-b-d27b57.stderr.txt
20260907T235208-755937Z-c-e8919e,lookupinvoice,c,mesh,2026-09-07T23:52:08.756913+00:00,2026-09-07T23:52:09.283940+00:00,0.5265550999993138,0,20260907T235208-755937Z-c-e8919e.sh,20260907T235208-755937Z-c-e8919e.stdout.txt,20260907T235208-755937Z-c-e8919e.stderr.txt
20260907T235209-285893Z-c-6eb469,addinvoice,c,mesh,2026-09-07T23:52:09.286867+00:00,2026-09-07T23:52:09.832969+00:00,0.5448035000008531,0,20260907T235209-285893Z-c-6eb469.sh,20260907T235209-285893Z-c-6eb469.stdout.txt,20260907T235209-285893Z-c-6eb469.stderr.txt
20260907T235209-834922Z-b-1664e3,payment-baseline-chain-running-b-c-13,b,mesh,2026-09-07T23:52:09.835899+00:00,2026-09-07T23:52:10.591842+00:00,0.7550789999986591,0,20260907T235209-834922Z-b-1664e3.sh,20260907T235209-834922Z-b-1664e3.stdout.txt,20260907T235209-834922Z-b-1664e3.stderr.txt
20260907T235210-594776Z-c-52a61d,lookupinvoice,c,mesh,2026-09-07T23:52:10.594776+00:00,2026-09-07T23:52:11.063020+00:00,0.46725229999901785,0,20260907T235210-594776Z-c-52a61d.sh,20260907T235210-594776Z-c-52a61d.stdout.txt,20260907T235210-594776Z-c-52a61d.stderr.txt
20260907T235211-064974Z-c-b126df,addinvoice,c,mesh,2026-09-07T23:52:11.066923+00:00,2026-09-07T23:52:11.542840+00:00,0.47579450000012,0,20260907T235211-064974Z-c-b126df.sh,20260907T235211-064974Z-c-b126df.stdout.txt,20260907T235211-064974Z-c-b126df.stderr.txt
20260907T235211-543815Z-b-c08aaa,payment-baseline-chain-running-b-c-14,b,mesh,2026-09-07T23:52:11.544793+00:00,2026-09-07T23:52:12.340896+00:00,0.7960456000000704,0,20260907T235211-543815Z-b-c08aaa.sh,20260907T235211-543815Z-b-c08aaa.stdout.txt,20260907T235211-543815Z-b-c08aaa.stderr.txt
20260907T235212-342880Z-c-4f0eef,lookupinvoice,c,mesh,2026-09-07T23:52:12.343857+00:00,2026-09-07T23:52:12.800756+00:00,0.4571375000014086,0,20260907T235212-342880Z-c-4f0eef.sh,20260907T235212-342880Z-c-4f0eef.stdout.txt,20260907T235212-342880Z-c-4f0eef.stderr.txt
20260907T235212-803241Z-c-9643d4,addinvoice,c,mesh,2026-09-07T23:52:12.804219+00:00,2026-09-07T23:52:13.377730+00:00,0.5735965000003489,0,20260907T235212-803241Z-c-9643d4.sh,20260907T235212-803241Z-c-9643d4.stdout.txt,20260907T235212-803241Z-c-9643d4.stderr.txt
20260907T235213-379680Z-b-1eae07,payment-baseline-chain-running-b-c-15,b,mesh,2026-09-07T23:52:13.380657+00:00,2026-09-07T23:52:17.108801+00:00,3.7266560000007303,0,20260907T235213-379680Z-b-1eae07.sh,20260907T235213-379680Z-b-1eae07.stdout.txt,20260907T235213-379680Z-b-1eae07.stderr.txt
20260907T235217-109778Z-c-60f356,lookupinvoice,c,mesh,2026-09-07T23:52:17.110753+00:00,2026-09-07T23:52:17.629773+00:00,0.5189547000009043,0,20260907T235217-109778Z-c-60f356.sh,20260907T235217-109778Z-c-60f356.stdout.txt,20260907T235217-109778Z-c-60f356.stderr.txt
20260907T235217-632254Z-c-87b410,addinvoice,c,mesh,2026-09-07T23:52:17.632254+00:00,2026-09-07T23:52:18.120939+00:00,0.488231999999698,0,20260907T235217-632254Z-c-87b410.sh,20260907T235217-632254Z-c-87b410.stdout.txt,20260907T235217-632254Z-c-87b410.stderr.txt
20260907T235218-123425Z-b-ad2b71,payment-baseline-chain-running-b-c-16,b,mesh,2026-09-07T23:52:18.124401+00:00,2026-09-07T23:52:19.106977+00:00,0.9819114000001719,0,20260907T235218-123425Z-b-ad2b71.sh,20260907T235218-123425Z-b-ad2b71.stdout.txt,20260907T235218-123425Z-b-ad2b71.stderr.txt
20260907T235219-108931Z-c-b1bf63,lookupinvoice,c,mesh,2026-09-07T23:52:19.110881+00:00,2026-09-07T23:52:19.614311+00:00,0.5031457000004593,0,20260907T235219-108931Z-c-b1bf63.sh,20260907T235219-108931Z-c-b1bf63.stdout.txt,20260907T235219-108931Z-c-b1bf63.stderr.txt
20260907T235219-616265Z-c-22c446,addinvoice,c,mesh,2026-09-07T23:52:19.616265+00:00,2026-09-07T23:52:20.089244+00:00,0.4719857000000047,0,20260907T235219-616265Z-c-22c446.sh,20260907T235219-616265Z-c-22c446.stdout.txt,20260907T235219-616265Z-c-22c446.stderr.txt
20260907T235220-092198Z-b-8440a8,payment-baseline-chain-running-b-c-17,b,mesh,2026-09-07T23:52:20.092198+00:00,2026-09-07T23:52:20.811311+00:00,0.7178801000009116,0,20260907T235220-092198Z-b-8440a8.sh,20260907T235220-092198Z-b-8440a8.stdout.txt,20260907T235220-092198Z-b-8440a8.stderr.txt
20260907T235220-813297Z-c-75ab94,lookupinvoice,c,mesh,2026-09-07T23:52:20.814281+00:00,2026-09-07T23:52:21.293251+00:00,0.4785189000012906,0,20260907T235220-813297Z-c-75ab94.sh,20260907T235220-813297Z-c-75ab94.stdout.txt,20260907T235220-813297Z-c-75ab94.stderr.txt
20260907T235221-295203Z-c-9c0975,addinvoice,c,mesh,2026-09-07T23:52:21.297156+00:00,2026-09-07T23:52:21.794135+00:00,0.49645000000055006,0,20260907T235221-295203Z-c-9c0975.sh,20260907T235221-295203Z-c-9c0975.stdout.txt,20260907T235221-295203Z-c-9c0975.stderr.txt
20260907T235221-795109Z-b-9b6786,payment-baseline-chain-running-b-c-18,b,mesh,2026-09-07T23:52:21.796086+00:00,2026-09-07T23:52:22.574884+00:00,0.7783294999990176,0,20260907T235221-795109Z-b-9b6786.sh,20260907T235221-795109Z-b-9b6786.stdout.txt,20260907T235221-795109Z-b-9b6786.stderr.txt
20260907T235222-576836Z-c-6b0eb6,lookupinvoice,c,mesh,2026-09-07T23:52:22.577813+00:00,2026-09-07T23:52:23.113449+00:00,0.535119999998642,0,20260907T235222-576836Z-c-6b0eb6.sh,20260907T235222-576836Z-c-6b0eb6.stdout.txt,20260907T235222-576836Z-c-6b0eb6.stderr.txt
20260907T235223-116382Z-c-62a146,addinvoice,c,mesh,2026-09-07T23:52:23.117359+00:00,2026-09-07T23:52:26.261268+00:00,3.1441837000002124,0,20260907T235223-116382Z-c-62a146.sh,20260907T235223-116382Z-c-62a146.stdout.txt,20260907T235223-116382Z-c-62a146.stderr.txt
20260907T235226-263253Z-b-50d84f,payment-baseline-chain-running-b-c-19,b,mesh,2026-09-07T23:52:26.265206+00:00,2026-09-07T23:52:27.005487+00:00,0.7398074000011547,0,20260907T235226-263253Z-b-50d84f.sh,20260907T235226-263253Z-b-50d84f.stdout.txt,20260907T235226-263253Z-b-50d84f.stderr.txt
20260907T235227-006461Z-c-3c9020,lookupinvoice,c,mesh,2026-09-07T23:52:27.007436+00:00,2026-09-07T23:52:27.495242+00:00,0.4875210000009247,0,20260907T235227-006461Z-c-3c9020.sh,20260907T235227-006461Z-c-3c9020.stdout.txt,20260907T235227-006461Z-c-3c9020.stderr.txt
20260907T235227-498173Z-c-ddbc96,addinvoice,c,mesh,2026-09-07T23:52:27.498173+00:00,2026-09-07T23:52:28.003765+00:00,0.5047561999999743,0,20260907T235227-498173Z-c-ddbc96.sh,20260907T235227-498173Z-c-ddbc96.stdout.txt,20260907T235227-498173Z-c-ddbc96.stderr.txt
20260907T235228-006695Z-b-6f9c12,payment-baseline-chain-running-b-c-20,b,mesh,2026-09-07T23:52:28.006695+00:00,2026-09-07T23:52:28.816754+00:00,0.8095246000011684,0,20260907T235228-006695Z-b-6f9c12.sh,20260907T235228-006695Z-b-6f9c12.stdout.txt,20260907T235228-006695Z-b-6f9c12.stderr.txt
20260907T235228-818705Z-c-966726,lookupinvoice,c,mesh,2026-09-07T23:52:28.820657+00:00,2026-09-07T23:52:29.360368+00:00,0.5396485999990546,0,20260907T235228-818705Z-c-966726.sh,20260907T235228-818705Z-c-966726.stdout.txt,20260907T235228-818705Z-c-966726.stderr.txt
20260907T235229-362345Z-c-1bb037,addinvoice,c,mesh,2026-09-07T23:52:29.362345+00:00,2026-09-07T23:52:29.848562+00:00,0.48505889999978535,0,20260907T235229-362345Z-c-1bb037.sh,20260907T235229-362345Z-c-1bb037.stdout.txt,20260907T235229-362345Z-c-1bb037.stderr.txt
20260907T235229-850518Z-b-26d95f,payment-baseline-chain-running-b-c-21,b,mesh,2026-09-07T23:52:29.851492+00:00,2026-09-07T23:52:30.580446+00:00,0.7286777999997867,0,20260907T235229-850518Z-b-26d95f.sh,20260907T235229-850518Z-b-26d95f.stdout.txt,20260907T235229-850518Z-b-26d95f.stderr.txt
20260907T235230-589263Z-c-31dc5b,lookupinvoice,c,mesh,2026-09-07T23:52:30.589263+00:00,2026-09-07T23:52:31.086417+00:00,0.4957894999988639,0,20260907T235230-589263Z-c-31dc5b.sh,20260907T235230-589263Z-c-31dc5b.stdout.txt,20260907T235230-589263Z-c-31dc5b.stderr.txt
20260907T235231-087394Z-c-1ba483,addinvoice,c,mesh,2026-09-07T23:52:31.089347+00:00,2026-09-07T23:52:31.564623+00:00,0.474174300001323,0,20260907T235231-087394Z-c-1ba483.sh,20260907T235231-087394Z-c-1ba483.stdout.txt,20260907T235231-087394Z-c-1ba483.stderr.txt
20260907T235231-565598Z-b-8f1e2d,payment-baseline-chain-running-b-c-22,b,mesh,2026-09-07T23:52:31.566575+00:00,2026-09-07T23:52:32.346449+00:00,0.7797967000005883,0,20260907T235231-565598Z-b-8f1e2d.sh,20260907T235231-565598Z-b-8f1e2d.stdout.txt,20260907T235231-565598Z-b-8f1e2d.stderr.txt
20260907T235232-348403Z-c-2c025a,lookupinvoice,c,mesh,2026-09-07T23:52:32.349383+00:00,2026-09-07T23:52:32.805881+00:00,0.45568380000077013,0,20260907T235232-348403Z-c-2c025a.sh,20260907T235232-348403Z-c-2c025a.stdout.txt,20260907T235232-348403Z-c-2c025a.stderr.txt
20260907T235232-808810Z-c-628afa,addinvoice,c,mesh,2026-09-07T23:52:32.808810+00:00,2026-09-07T23:52:33.302603+00:00,0.4930086000003939,0,20260907T235232-808810Z-c-628afa.sh,20260907T235232-808810Z-c-628afa.stdout.txt,20260907T235232-808810Z-c-628afa.stderr.txt
20260907T235233-303584Z-b-8d48f9,payment-baseline-chain-running-b-c-23,b,mesh,2026-09-07T23:52:33.305540+00:00,2026-09-07T23:52:36.787823+00:00,3.481938799999625,0,20260907T235233-303584Z-b-8d48f9.sh,20260907T235233-303584Z-b-8d48f9.stdout.txt,20260907T235233-303584Z-b-8d48f9.stderr.txt
20260907T235236-788798Z-c-10e915,lookupinvoice,c,mesh,2026-09-07T23:52:36.789777+00:00,2026-09-07T23:52:37.325613+00:00,0.5359747000002244,0,20260907T235236-788798Z-c-10e915.sh,20260907T235236-788798Z-c-10e915.stdout.txt,20260907T235236-788798Z-c-10e915.stderr.txt
20260907T235237-327565Z-c-1cbb3e,addinvoice,c,mesh,2026-09-07T23:52:37.328542+00:00,2026-09-07T23:52:37.805534+00:00,0.4766901999992115,0,20260907T235237-327565Z-c-1cbb3e.sh,20260907T235237-327565Z-c-1cbb3e.stdout.txt,20260907T235237-327565Z-c-1cbb3e.stderr.txt
20260907T235237-807492Z-b-db886f,payment-baseline-chain-running-b-c-24,b,mesh,2026-09-07T23:52:37.809445+00:00,2026-09-07T23:52:38.562943+00:00,0.7529410000006465,0,20260907T235237-807492Z-b-db886f.sh,20260907T235237-807492Z-b-db886f.stdout.txt,20260907T235237-807492Z-b-db886f.stderr.txt
20260907T235238-563926Z-c-532825,lookupinvoice,c,mesh,2026-09-07T23:52:38.564901+00:00,2026-09-07T23:52:39.046815+00:00,0.4816010999984428,0,20260907T235238-563926Z-c-532825.sh,20260907T235238-563926Z-c-532825.stdout.txt,20260907T235238-563926Z-c-532825.stderr.txt
20260907T235239-049741Z-c-97a3f2,addinvoice,c,mesh,2026-09-07T23:52:39.049741+00:00,2026-09-07T23:52:39.523819+00:00,0.473136999999042,0,20260907T235239-049741Z-c-97a3f2.sh,20260907T235239-049741Z-c-97a3f2.stdout.txt,20260907T235239-049741Z-c-97a3f2.stderr.txt
20260907T235239-525772Z-b-d797ea,payment-baseline-chain-running-b-c-25,b,mesh,2026-09-07T23:52:39.526749+00:00,2026-09-07T23:52:40.278021+00:00,0.7511620000004768,0,20260907T235239-525772Z-b-d797ea.sh,20260907T235239-525772Z-b-d797ea.stdout.txt,20260907T235239-525772Z-b-d797ea.stderr.txt
20260907T235240-280000Z-c-413c9a,lookupinvoice,c,mesh,2026-09-07T23:52:40.281957+00:00,2026-09-07T23:52:40.745831+00:00,0.4635780999997223,0,20260907T235240-280000Z-c-413c9a.sh,20260907T235240-280000Z-c-413c9a.stdout.txt,20260907T235240-280000Z-c-413c9a.stderr.txt
20260907T235240-746805Z-c-cb0895,addinvoice,c,mesh,2026-09-07T23:52:40.747782+00:00,2026-09-07T23:52:41.227986+00:00,0.47969170000033046,0,20260907T235240-746805Z-c-cb0895.sh,20260907T235240-746805Z-c-cb0895.stdout.txt,20260907T235240-746805Z-c-cb0895.stderr.txt
20260907T235241-229937Z-b-461c46,payment-baseline-chain-running-b-c-26,b,mesh,2026-09-07T23:52:41.230917+00:00,2026-09-07T23:52:42.113040+00:00,0.8813538000013068,0,20260907T235241-229937Z-b-461c46.sh,20260907T235241-229937Z-b-461c46.stdout.txt,20260907T235241-229937Z-b-461c46.stderr.txt
20260907T235242-114021Z-c-ec6749,lookupinvoice,c,mesh,2026-09-07T23:52:42.115979+00:00,2026-09-07T23:52:43.306771+00:00,1.1900100999991992,0,20260907T235242-114021Z-c-ec6749.sh,20260907T235242-114021Z-c-ec6749.stdout.txt,20260907T235242-114021Z-c-ec6749.stderr.txt
20260907T235243-308724Z-c-290287,addinvoice,c,mesh,2026-09-07T23:52:43.309700+00:00,2026-09-07T23:52:47.102991+00:00,3.7936393999989377,0,20260907T235243-308724Z-c-290287.sh,20260907T235243-308724Z-c-290287.stdout.txt,20260907T235243-308724Z-c-290287.stderr.txt
20260907T235247-106904Z-b-b1938f,payment-baseline-chain-running-b-c-27,b,mesh,2026-09-07T23:52:47.106904+00:00,2026-09-07T23:52:48.773077+00:00,1.6660091000012471,0,20260907T235247-106904Z-b-b1938f.sh,20260907T235247-106904Z-b-b1938f.stdout.txt,20260907T235247-106904Z-b-b1938f.stderr.txt
20260907T235248-775038Z-c-60f24c,lookupinvoice,c,mesh,2026-09-07T23:52:48.775038+00:00,2026-09-07T23:52:49.305352+00:00,0.5291952999996283,0,20260907T235248-775038Z-c-60f24c.sh,20260907T235248-775038Z-c-60f24c.stdout.txt,20260907T235248-775038Z-c-60f24c.stderr.txt
20260907T235249-306328Z-c-c22634,addinvoice,c,mesh,2026-09-07T23:52:49.308281+00:00,2026-09-07T23:52:49.828300+00:00,0.5197757000005367,0,20260907T235249-306328Z-c-c22634.sh,20260907T235249-306328Z-c-c22634.stdout.txt,20260907T235249-306328Z-c-c22634.stderr.txt
20260907T235249-829277Z-b-cd5006,payment-baseline-chain-running-b-c-28,b,mesh,2026-09-07T23:52:49.830250+00:00,2026-09-07T23:52:50.607187+00:00,0.7760218000003078,0,20260907T235249-829277Z-b-cd5006.sh,20260907T235249-829277Z-b-cd5006.stdout.txt,20260907T235249-829277Z-b-cd5006.stderr.txt
20260907T235250-609140Z-c-c7ed71,lookupinvoice,c,mesh,2026-09-07T23:52:50.610119+00:00,2026-09-07T23:52:51.087355+00:00,0.4767406999999366,0,20260907T235250-609140Z-c-c7ed71.sh,20260907T235250-609140Z-c-c7ed71.stdout.txt,20260907T235250-609140Z-c-c7ed71.stderr.txt
20260907T235251-089311Z-c-f82e2a,addinvoice,c,mesh,2026-09-07T23:52:51.090287+00:00,2026-09-07T23:52:51.564358+00:00,0.4735853000001953,0,20260907T235251-089311Z-c-f82e2a.sh,20260907T235251-089311Z-c-f82e2a.stdout.txt,20260907T235251-089311Z-c-f82e2a.stderr.txt
20260907T235251-565335Z-b-1e8b7a,payment-baseline-chain-running-b-c-29,b,mesh,2026-09-07T23:52:51.567287+00:00,2026-09-07T23:52:52.360237+00:00,0.7925642999998672,0,20260907T235251-565335Z-b-1e8b7a.sh,20260907T235251-565335Z-b-1e8b7a.stdout.txt,20260907T235251-565335Z-b-1e8b7a.stderr.txt
20260907T235252-361212Z-c-874cf6,lookupinvoice,c,mesh,2026-09-07T23:52:52.362187+00:00,2026-09-07T23:52:52.847287+00:00,0.48453429999972286,0,20260907T235252-361212Z-c-874cf6.sh,20260907T235252-361212Z-c-874cf6.stdout.txt,20260907T235252-361212Z-c-874cf6.stderr.txt
20260907T235252-850214Z-c-267379,addinvoice,c,mesh,2026-09-07T23:52:52.851189+00:00,2026-09-07T23:52:53.315580+00:00,0.4643242000001919,0,20260907T235252-850214Z-c-267379.sh,20260907T235252-850214Z-c-267379.stdout.txt,20260907T235252-850214Z-c-267379.stderr.txt
20260907T235253-318502Z-b-762157,payment-baseline-chain-running-b-c-30,b,mesh,2026-09-07T23:52:53.318502+00:00,2026-09-07T23:52:57.193598+00:00,3.874132799999643,0,20260907T235253-318502Z-b-762157.sh,20260907T235253-318502Z-b-762157.stdout.txt,20260907T235253-318502Z-b-762157.stderr.txt
20260907T235257-195562Z-c-8509d4,lookupinvoice,c,mesh,2026-09-07T23:52:57.195562+00:00,2026-09-07T23:52:58.062551+00:00,0.8662829999993846,0,20260907T235257-195562Z-c-8509d4.sh,20260907T235257-195562Z-c-8509d4.stdout.txt,20260907T235257-195562Z-c-8509d4.stderr.txt
20260907T235258-064534Z-a-6eed00,getblockcount,a,mesh,2026-09-07T23:52:58.065514+00:00,2026-09-07T23:52:58.384369+00:00,0.3185766999995394,0,20260907T235258-064534Z-a-6eed00.sh,20260907T235258-064534Z-a-6eed00.stdout.txt,20260907T235258-064534Z-a-6eed00.stderr.txt
20260907T235258-387298Z-a-56202f,stop-chain-for-baseline,a,mesh,2026-09-07T23:52:58.387298+00:00,2026-09-07T23:52:58.762337+00:00,0.37407920000077866,0,20260907T235258-387298Z-a-56202f.sh,20260907T235258-387298Z-a-56202f.stdout.txt,20260907T235258-387298Z-a-56202f.stderr.txt
20260907T235258-763842Z-c-87a154,addinvoice,c,mesh,2026-09-07T23:52:58.764826+00:00,2026-09-07T23:52:59.504604+00:00,0.740045900000041,0,20260907T235258-763842Z-c-87a154.sh,20260907T235258-763842Z-c-87a154.stdout.txt,20260907T235258-763842Z-c-87a154.stderr.txt
20260907T235259-506554Z-b-3980c6,payment-chain-stopped-b-c-1,b,mesh,2026-09-07T23:52:59.508506+00:00,2026-09-07T23:53:00.521622+00:00,1.012891700000182,0,20260907T235259-506554Z-b-3980c6.sh,20260907T235259-506554Z-b-3980c6.stdout.txt,20260907T235259-506554Z-b-3980c6.stderr.txt
20260907T235300-522600Z-c-6a150c,lookupinvoice,c,mesh,2026-09-07T23:53:00.523607+00:00,2026-09-07T23:53:01.183231+00:00,0.6588990000000194,0,20260907T235300-522600Z-c-6a150c.sh,20260907T235300-522600Z-c-6a150c.stdout.txt,20260907T235300-522600Z-c-6a150c.stderr.txt
20260907T235301-185709Z-c-9133a0,addinvoice,c,mesh,2026-09-07T23:53:01.186685+00:00,2026-09-07T23:53:01.954441+00:00,0.7676976999991894,0,20260907T235301-185709Z-c-9133a0.sh,20260907T235301-185709Z-c-9133a0.stdout.txt,20260907T235301-185709Z-c-9133a0.stderr.txt
20260907T235301-956394Z-b-4eef1a,payment-chain-stopped-b-c-2,b,mesh,2026-09-07T23:53:01.957369+00:00,2026-09-07T23:53:03.322894+00:00,1.3649521000006644,0,20260907T235301-956394Z-b-4eef1a.sh,20260907T235301-956394Z-b-4eef1a.stdout.txt,20260907T235301-956394Z-b-4eef1a.stderr.txt
20260907T235303-323900Z-c-f1405d,lookupinvoice,c,mesh,2026-09-07T23:53:03.324884+00:00,2026-09-07T23:53:04.321504+00:00,0.9958764999992127,0,20260907T235303-323900Z-c-f1405d.sh,20260907T235303-323900Z-c-f1405d.stdout.txt,20260907T235303-323900Z-c-f1405d.stderr.txt
20260907T235304-322481Z-c-baaba6,addinvoice,c,mesh,2026-09-07T23:53:04.324967+00:00,2026-09-07T23:53:05.193900+00:00,0.8687941999996838,0,20260907T235304-322481Z-c-baaba6.sh,20260907T235304-322481Z-c-baaba6.stdout.txt,20260907T235304-322481Z-c-baaba6.stderr.txt
20260907T235305-196837Z-b-a09e79,payment-chain-stopped-b-c-3,b,mesh,2026-09-07T23:53:05.197814+00:00,2026-09-07T23:53:06.517703+00:00,1.320232500000202,0,20260907T235305-196837Z-b-a09e79.sh,20260907T235305-196837Z-b-a09e79.stdout.txt,20260907T235305-196837Z-b-a09e79.stderr.txt
20260907T235306-519655Z-c-8be923,lookupinvoice,c,mesh,2026-09-07T23:53:06.519655+00:00,2026-09-07T23:53:07.484156+00:00,0.9635049999997136,0,20260907T235306-519655Z-c-8be923.sh,20260907T235306-519655Z-c-8be923.stdout.txt,20260907T235306-519655Z-c-8be923.stderr.txt
20260907T235307-486627Z-c-6e3fcd,addinvoice,c,mesh,2026-09-07T23:53:07.487603+00:00,2026-09-07T23:53:08.415640+00:00,0.9276926000002277,0,20260907T235307-486627Z-c-6e3fcd.sh,20260907T235307-486627Z-c-6e3fcd.stdout.txt,20260907T235307-486627Z-c-6e3fcd.stderr.txt
20260907T235308-416621Z-b-20d84a,payment-chain-stopped-b-c-4,b,mesh,2026-09-07T23:53:08.417595+00:00,2026-09-07T23:53:09.669033+00:00,1.2511016000007658,0,20260907T235308-416621Z-b-20d84a.sh,20260907T235308-416621Z-b-20d84a.stdout.txt,20260907T235308-416621Z-b-20d84a.stderr.txt
20260907T235309-670011Z-c-692441,lookupinvoice,c,mesh,2026-09-07T23:53:09.670986+00:00,2026-09-07T23:53:10.172989+00:00,0.5018356000000495,0,20260907T235309-670011Z-c-692441.sh,20260907T235309-670011Z-c-692441.stdout.txt,20260907T235309-670011Z-c-692441.stderr.txt
20260907T235310-174973Z-c-8a610a,addinvoice,c,mesh,2026-09-07T23:53:10.175955+00:00,2026-09-07T23:53:10.660633+00:00,0.4848805000001448,0,20260907T235310-174973Z-c-8a610a.sh,20260907T235310-174973Z-c-8a610a.stdout.txt,20260907T235310-174973Z-c-8a610a.stderr.txt
20260907T235310-662586Z-b-4ec430,payment-chain-stopped-b-c-5,b,mesh,2026-09-07T23:53:10.664090+00:00,2026-09-07T23:53:11.419078+00:00,0.7541464000005362,0,20260907T235310-662586Z-b-4ec430.sh,20260907T235310-662586Z-b-4ec430.stdout.txt,20260907T235310-662586Z-b-4ec430.stderr.txt
20260907T235311-420056Z-c-0b870c,lookupinvoice,c,mesh,2026-09-07T23:53:11.421033+00:00,2026-09-07T23:53:11.925063+00:00,0.5042757999999594,0,20260907T235311-420056Z-c-0b870c.sh,20260907T235311-420056Z-c-0b870c.stdout.txt,20260907T235311-420056Z-c-0b870c.stderr.txt
20260907T235311-927018Z-c-e80ae2,addinvoice,c,mesh,2026-09-07T23:53:11.928966+00:00,2026-09-07T23:53:12.424138+00:00,0.49432989999877464,0,20260907T235311-927018Z-c-e80ae2.sh,20260907T235311-927018Z-c-e80ae2.stdout.txt,20260907T235311-927018Z-c-e80ae2.stderr.txt
20260907T235312-425121Z-b-7f0e9b,payment-chain-stopped-b-c-6,b,mesh,2026-09-07T23:53:12.426098+00:00,2026-09-07T23:53:13.149042+00:00,0.7224002999992081,0,20260907T235312-425121Z-b-7f0e9b.sh,20260907T235312-425121Z-b-7f0e9b.stdout.txt,20260907T235312-425121Z-b-7f0e9b.stderr.txt
20260907T235313-150019Z-c-7034f6,lookupinvoice,c,mesh,2026-09-07T23:53:13.150995+00:00,2026-09-07T23:53:16.357034+00:00,3.2054848999996466,0,20260907T235313-150019Z-c-7034f6.sh,20260907T235313-150019Z-c-7034f6.stdout.txt,20260907T235313-150019Z-c-7034f6.stderr.txt
20260907T235316-359965Z-c-43882e,addinvoice,c,mesh,2026-09-07T23:53:16.360941+00:00,2026-09-07T23:53:16.842949+00:00,0.4818552999986423,0,20260907T235316-359965Z-c-43882e.sh,20260907T235316-359965Z-c-43882e.stdout.txt,20260907T235316-359965Z-c-43882e.stderr.txt
20260907T235316-844453Z-b-a202f0,payment-chain-stopped-b-c-7,b,mesh,2026-09-07T23:53:16.845435+00:00,2026-09-07T23:53:17.662842+00:00,0.8174469999994471,0,20260907T235316-844453Z-b-a202f0.sh,20260907T235316-844453Z-b-a202f0.stdout.txt,20260907T235316-844453Z-b-a202f0.stderr.txt
20260907T235317-665331Z-c-fa5fab,lookupinvoice,c,mesh,2026-09-07T23:53:17.666311+00:00,2026-09-07T23:53:18.139903+00:00,0.47365650000028836,0,20260907T235317-665331Z-c-fa5fab.sh,20260907T235317-665331Z-c-fa5fab.stdout.txt,20260907T235317-665331Z-c-fa5fab.stderr.txt
20260907T235318-141857Z-c-c4aa62,addinvoice,c,mesh,2026-09-07T23:53:18.142833+00:00,2026-09-07T23:53:18.624350+00:00,0.48030000000107975,0,20260907T235318-141857Z-c-c4aa62.sh,20260907T235318-141857Z-c-c4aa62.stdout.txt,20260907T235318-141857Z-c-c4aa62.stderr.txt
20260907T235318-626307Z-b-a88b6e,payment-chain-stopped-b-c-8,b,mesh,2026-09-07T23:53:18.626307+00:00,2026-09-07T23:53:19.393069+00:00,0.7663642000006803,0,20260907T235318-626307Z-b-a88b6e.sh,20260907T235318-626307Z-b-a88b6e.stdout.txt,20260907T235318-626307Z-b-a88b6e.stderr.txt
20260907T235319-395053Z-c-57c6a1,lookupinvoice,c,mesh,2026-09-07T23:53:19.395053+00:00,2026-09-07T23:53:19.880124+00:00,0.4841171999996732,0,20260907T235319-395053Z-c-57c6a1.sh,20260907T235319-395053Z-c-57c6a1.stdout.txt,20260907T235319-395053Z-c-57c6a1.stderr.txt
20260907T235319-882076Z-c-c60df6,addinvoice,c,mesh,2026-09-07T23:53:19.882076+00:00,2026-09-07T23:53:20.351374+00:00,0.4679703999991034,0,20260907T235319-882076Z-c-c60df6.sh,20260907T235319-882076Z-c-c60df6.stdout.txt,20260907T235319-882076Z-c-c60df6.stderr.txt
20260907T235320-352352Z-b-3d9265,payment-chain-stopped-b-c-9,b,mesh,2026-09-07T23:53:20.352352+00:00,2026-09-07T23:53:21.114169+00:00,0.7608760000002803,0,20260907T235320-352352Z-b-3d9265.sh,20260907T235320-352352Z-b-3d9265.stdout.txt,20260907T235320-352352Z-b-3d9265.stderr.txt
20260907T235321-115154Z-c-fbe923,lookupinvoice,c,mesh,2026-09-07T23:53:21.116129+00:00,2026-09-07T23:53:21.608305+00:00,0.49208270000053744,0,20260907T235321-115154Z-c-fbe923.sh,20260907T235321-115154Z-c-fbe923.stdout.txt,20260907T235321-115154Z-c-fbe923.stderr.txt
20260907T235321-610254Z-c-eccf89,addinvoice,c,mesh,2026-09-07T23:53:21.612219+00:00,2026-09-07T23:53:22.109479+00:00,0.49669530000028317,0,20260907T235321-610254Z-c-eccf89.sh,20260907T235321-610254Z-c-eccf89.stdout.txt,20260907T235321-610254Z-c-eccf89.stderr.txt
20260907T235322-110455Z-b-d266e4,payment-chain-stopped-b-c-10,b,mesh,2026-09-07T23:53:22.111432+00:00,2026-09-07T23:53:22.858569+00:00,0.7473446000003605,0,20260907T235322-110455Z-b-d266e4.sh,20260907T235322-110455Z-b-d266e4.stdout.txt,20260907T235322-110455Z-b-d266e4.stderr.txt
20260907T235322-861495Z-c-70aa5e,lookupinvoice,c,mesh,2026-09-07T23:53:22.862473+00:00,2026-09-07T23:53:23.336163+00:00,0.4737476999998762,0,20260907T235322-861495Z-c-70aa5e.sh,20260907T235322-861495Z-c-70aa5e.stdout.txt,20260907T235322-861495Z-c-70aa5e.stderr.txt
20260907T235323-338115Z-c-316c3a,addinvoice,c,mesh,2026-09-07T23:53:23.339089+00:00,2026-09-07T23:53:26.488407+00:00,3.1492665999994642,0,20260907T235323-338115Z-c-316c3a.sh,20260907T235323-338115Z-c-316c3a.stdout.txt,20260907T235323-338115Z-c-316c3a.stderr.txt
20260907T235326-489383Z-b-162a51,payment-chain-stopped-b-c-11,b,mesh,2026-09-07T23:53:26.490362+00:00,2026-09-07T23:53:27.236378+00:00,0.7453614999994898,0,20260907T235326-489383Z-b-162a51.sh,20260907T235326-489383Z-b-162a51.stdout.txt,20260907T235326-489383Z-b-162a51.stderr.txt
20260907T235327-237351Z-c-b55f06,lookupinvoice,c,mesh,2026-09-07T23:53:27.238329+00:00,2026-09-07T23:53:27.756783+00:00,0.5177647000000434,0,20260907T235327-237351Z-c-b55f06.sh,20260907T235327-237351Z-c-b55f06.stdout.txt,20260907T235327-237351Z-c-b55f06.stderr.txt
20260907T235327-758736Z-c-4856fa,addinvoice,c,mesh,2026-09-07T23:53:27.758736+00:00,2026-09-07T23:53:28.245617+00:00,0.48621450000064215,0,20260907T235327-758736Z-c-4856fa.sh,20260907T235327-758736Z-c-4856fa.stdout.txt,20260907T235327-758736Z-c-4856fa.stderr.txt
20260907T235328-247568Z-b-09d855,payment-chain-stopped-b-c-12,b,mesh,2026-09-07T23:53:28.247568+00:00,2026-09-07T23:53:29.023300+00:00,0.7755487999984325,0,20260907T235328-247568Z-b-09d855.sh,20260907T235328-247568Z-b-09d855.stdout.txt,20260907T235328-247568Z-b-09d855.stderr.txt
20260907T235329-024803Z-c-170f2d,lookupinvoice,c,mesh,2026-09-07T23:53:29.025785+00:00,2026-09-07T23:53:29.489179+00:00,0.4624581999996735,0,20260907T235329-024803Z-c-170f2d.sh,20260907T235329-024803Z-c-170f2d.stdout.txt,20260907T235329-024803Z-c-170f2d.stderr.txt
20260907T235329-490157Z-c-9886e7,addinvoice,c,mesh,2026-09-07T23:53:29.491134+00:00,2026-09-07T23:53:29.989417+00:00,0.49794739999924786,0,20260907T235329-490157Z-c-9886e7.sh,20260907T235329-490157Z-c-9886e7.stdout.txt,20260907T235329-490157Z-c-9886e7.stderr.txt
20260907T235329-990394Z-b-6d7d86,payment-chain-stopped-b-c-13,b,mesh,2026-09-07T23:53:29.991372+00:00,2026-09-07T23:53:30.741332+00:00,0.7496892999988631,0,20260907T235329-990394Z-b-6d7d86.sh,20260907T235329-990394Z-b-6d7d86.stdout.txt,20260907T235329-990394Z-b-6d7d86.stderr.txt
20260907T235330-743282Z-c-a7a6a2,lookupinvoice,c,mesh,2026-09-07T23:53:30.743282+00:00,2026-09-07T23:53:31.220522+00:00,0.4768230000008771,0,20260907T235330-743282Z-c-a7a6a2.sh,20260907T235330-743282Z-c-a7a6a2.stdout.txt,20260907T235330-743282Z-c-a7a6a2.stderr.txt
20260907T235331-224453Z-c-f57942,addinvoice,c,mesh,2026-09-07T23:53:31.224453+00:00,2026-09-07T23:53:31.724932+00:00,0.5002452000007906,0,20260907T235331-224453Z-c-f57942.sh,20260907T235331-224453Z-c-f57942.stdout.txt,20260907T235331-224453Z-c-f57942.stderr.txt
20260907T235331-727866Z-b-b130b1,payment-chain-stopped-b-c-14,b,mesh,2026-09-07T23:53:31.728846+00:00,2026-09-07T23:53:32.512471+00:00,0.7836010999999417,0,20260907T235331-727866Z-b-b130b1.sh,20260907T235331-727866Z-b-b130b1.stdout.txt,20260907T235331-727866Z-b-b130b1.stderr.txt
20260907T235332-514950Z-c-ad7a45,lookupinvoice,c,mesh,2026-09-07T23:53:32.515933+00:00,2026-09-07T23:53:33.033601+00:00,0.517549299998791,0,20260907T235332-514950Z-c-ad7a45.sh,20260907T235332-514950Z-c-ad7a45.stdout.txt,20260907T235332-514950Z-c-ad7a45.stderr.txt
20260907T235333-035587Z-c-209878,addinvoice,c,mesh,2026-09-07T23:53:33.036565+00:00,2026-09-07T23:53:33.506754+00:00,0.4704747000014322,0,20260907T235333-035587Z-c-209878.sh,20260907T235333-035587Z-c-209878.stdout.txt,20260907T235333-035587Z-c-209878.stderr.txt
20260907T235333-508707Z-b-26101b,payment-chain-stopped-b-c-15,b,mesh,2026-09-07T23:53:33.510661+00:00,2026-09-07T23:53:36.955824+00:00,3.445077600001241,0,20260907T235333-508707Z-b-26101b.sh,20260907T235333-508707Z-b-26101b.stdout.txt,20260907T235333-508707Z-b-26101b.stderr.txt
20260907T235336-957779Z-c-ed21c6,lookupinvoice,c,mesh,2026-09-07T23:53:36.958754+00:00,2026-09-07T23:53:37.430774+00:00,0.4715856000002532,0,20260907T235336-957779Z-c-ed21c6.sh,20260907T235336-957779Z-c-ed21c6.stdout.txt,20260907T235336-957779Z-c-ed21c6.stderr.txt
20260907T235337-432729Z-c-1fe021,addinvoice,c,mesh,2026-09-07T23:53:37.433704+00:00,2026-09-07T23:53:37.915041+00:00,0.4814944999998261,0,20260907T235337-432729Z-c-1fe021.sh,20260907T235337-432729Z-c-1fe021.stdout.txt,20260907T235337-432729Z-c-1fe021.stderr.txt
20260907T235337-916999Z-b-f785f6,payment-chain-stopped-b-c-16,b,mesh,2026-09-07T23:53:37.918952+00:00,2026-09-07T23:53:38.660714+00:00,0.7414048999999068,0,20260907T235337-916999Z-b-f785f6.sh,20260907T235337-916999Z-b-f785f6.stdout.txt,20260907T235337-916999Z-b-f785f6.stderr.txt
20260907T235338-662666Z-c-7d9e53,lookupinvoice,c,mesh,2026-09-07T23:53:38.662666+00:00,2026-09-07T23:53:39.190652+00:00,0.52670500000022,0,20260907T235338-662666Z-c-7d9e53.sh,20260907T235338-662666Z-c-7d9e53.stdout.txt,20260907T235338-662666Z-c-7d9e53.stderr.txt
20260907T235339-193582Z-c-c2bc0e,addinvoice,c,mesh,2026-09-07T23:53:39.193582+00:00,2026-09-07T23:53:39.666699+00:00,0.47198430000025837,0,20260907T235339-193582Z-c-c2bc0e.sh,20260907T235339-193582Z-c-c2bc0e.stdout.txt,20260907T235339-193582Z-c-c2bc0e.stderr.txt
20260907T235339-668649Z-b-ed94cd,payment-chain-stopped-b-c-17,b,mesh,2026-09-07T23:53:39.669626+00:00,2026-09-07T23:53:40.706119+00:00,1.0359011000000464,0,20260907T235339-668649Z-b-ed94cd.sh,20260907T235339-668649Z-b-ed94cd.stdout.txt,20260907T235339-668649Z-b-ed94cd.stderr.txt
20260907T235340-707092Z-c-9d6cf4,lookupinvoice,c,mesh,2026-09-07T23:53:40.709047+00:00,2026-09-07T23:53:41.190947+00:00,0.48159620000114955,0,20260907T235340-707092Z-c-9d6cf4.sh,20260907T235340-707092Z-c-9d6cf4.stdout.txt,20260907T235340-707092Z-c-9d6cf4.stderr.txt
20260907T235341-192900Z-c-573652,addinvoice,c,mesh,2026-09-07T23:53:41.193878+00:00,2026-09-07T23:53:41.675037+00:00,0.4808194999986881,0,20260907T235341-192900Z-c-573652.sh,20260907T235341-192900Z-c-573652.stdout.txt,20260907T235341-192900Z-c-573652.stderr.txt
20260907T235341-681877Z-b-af8c6e,payment-chain-stopped-b-c-18,b,mesh,2026-09-07T23:53:41.681877+00:00,2026-09-07T23:53:42.465100+00:00,0.7824026000016602,0,20260907T235341-681877Z-b-af8c6e.sh,20260907T235341-681877Z-b-af8c6e.stdout.txt,20260907T235341-681877Z-b-af8c6e.stderr.txt
20260907T235342-468034Z-c-26be83,lookupinvoice,c,mesh,2026-09-07T23:53:42.468034+00:00,2026-09-07T23:53:42.948950+00:00,0.4798092999990331,0,20260907T235342-468034Z-c-26be83.sh,20260907T235342-468034Z-c-26be83.stdout.txt,20260907T235342-468034Z-c-26be83.stderr.txt
20260907T235342-951877Z-c-2ac13a,addinvoice,c,mesh,2026-09-07T23:53:42.951877+00:00,2026-09-07T23:53:43.451849+00:00,0.49868140000035055,0,20260907T235342-951877Z-c-2ac13a.sh,20260907T235342-951877Z-c-2ac13a.stdout.txt,20260907T235342-951877Z-c-2ac13a.stderr.txt
20260907T235343-452825Z-b-0f1ef3,payment-chain-stopped-b-c-19,b,mesh,2026-09-07T23:53:43.453803+00:00,2026-09-07T23:53:46.885186+00:00,3.4300325000003795,0,20260907T235343-452825Z-b-0f1ef3.sh,20260907T235343-452825Z-b-0f1ef3.stdout.txt,20260907T235343-452825Z-b-0f1ef3.stderr.txt
20260907T235346-887144Z-c-ce087f,lookupinvoice,c,mesh,2026-09-07T23:53:46.887144+00:00,2026-09-07T23:53:47.398916+00:00,0.5106959999993705,0,20260907T235346-887144Z-c-ce087f.sh,20260907T235346-887144Z-c-ce087f.stdout.txt,20260907T235346-887144Z-c-ce087f.stderr.txt
20260907T235347-400420Z-c-a8819a,addinvoice,c,mesh,2026-09-07T23:53:47.401402+00:00,2026-09-07T23:53:47.903804+00:00,0.5027737000000343,0,20260907T235347-400420Z-c-a8819a.sh,20260907T235347-400420Z-c-a8819a.stdout.txt,20260907T235347-400420Z-c-a8819a.stderr.txt
20260907T235347-907269Z-b-e9a943,payment-chain-stopped-b-c-20,b,mesh,2026-09-07T23:53:47.908242+00:00,2026-09-07T23:53:48.712004+00:00,0.8036379999994097,0,20260907T235347-907269Z-b-e9a943.sh,20260907T235347-907269Z-b-e9a943.stdout.txt,20260907T235347-907269Z-b-e9a943.stderr.txt
20260907T235348-712979Z-c-fc1f56,lookupinvoice,c,mesh,2026-09-07T23:53:48.715462+00:00,2026-09-07T23:53:49.211069+00:00,0.4953459999996994,0,20260907T235348-712979Z-c-fc1f56.sh,20260907T235348-712979Z-c-fc1f56.stdout.txt,20260907T235348-712979Z-c-fc1f56.stderr.txt
20260907T235349-213021Z-c-bd86a6,addinvoice,c,mesh,2026-09-07T23:53:49.213997+00:00,2026-09-07T23:53:49.703095+00:00,0.4884360000014567,0,20260907T235349-213021Z-c-bd86a6.sh,20260907T235349-213021Z-c-bd86a6.stdout.txt,20260907T235349-213021Z-c-bd86a6.stderr.txt
20260907T235349-704070Z-b-0a97af,payment-chain-stopped-b-c-21,b,mesh,2026-09-07T23:53:49.705574+00:00,2026-09-07T23:53:50.473980+00:00,0.768559500000265,0,20260907T235349-704070Z-b-0a97af.sh,20260907T235349-704070Z-b-0a97af.stdout.txt,20260907T235349-704070Z-b-0a97af.stderr.txt
20260907T235350-477443Z-c-60755d,lookupinvoice,c,mesh,2026-09-07T23:53:50.477443+00:00,2026-09-07T23:53:50.961279+00:00,0.4832360000000335,0,20260907T235350-477443Z-c-60755d.sh,20260907T235350-477443Z-c-60755d.stdout.txt,20260907T235350-477443Z-c-60755d.stderr.txt
20260907T235350-963229Z-c-0d5952,addinvoice,c,mesh,2026-09-07T23:53:50.964207+00:00,2026-09-07T23:53:51.454124+00:00,0.490008000000671,0,20260907T235350-963229Z-c-0d5952.sh,20260907T235350-963229Z-c-0d5952.stdout.txt,20260907T235350-963229Z-c-0d5952.stderr.txt
20260907T235351-456109Z-b-7b8030,payment-chain-stopped-b-c-22,b,mesh,2026-09-07T23:53:51.458062+00:00,2026-09-07T23:53:52.198435+00:00,0.7401241999996273,0,20260907T235351-456109Z-b-7b8030.sh,20260907T235351-456109Z-b-7b8030.stdout.txt,20260907T235351-456109Z-b-7b8030.stderr.txt
20260907T235352-199413Z-c-2e60c3,lookupinvoice,c,mesh,2026-09-07T23:53:52.200392+00:00,2026-09-07T23:53:52.741059+00:00,0.5398958999994647,0,20260907T235352-199413Z-c-2e60c3.sh,20260907T235352-199413Z-c-2e60c3.stdout.txt,20260907T235352-199413Z-c-2e60c3.stderr.txt
20260907T235352-742034Z-c-07cd32,addinvoice,c,mesh,2026-09-07T23:53:52.743012+00:00,2026-09-07T23:53:53.223036+00:00,0.4794428999994125,0,20260907T235352-742034Z-c-07cd32.sh,20260907T235352-742034Z-c-07cd32.stdout.txt,20260907T235352-742034Z-c-07cd32.stderr.txt
20260907T235353-225512Z-b-2d2f83,payment-chain-stopped-b-c-23,b,mesh,2026-09-07T23:53:53.226494+00:00,2026-09-07T23:53:56.666525+00:00,3.4398520000013377,0,20260907T235353-225512Z-b-2d2f83.sh,20260907T235353-225512Z-b-2d2f83.stdout.txt,20260907T235353-225512Z-b-2d2f83.stderr.txt
20260907T235356-668478Z-c-294c78,lookupinvoice,c,mesh,2026-09-07T23:53:56.670431+00:00,2026-09-07T23:53:57.156462+00:00,0.48579620000055,0,20260907T235356-668478Z-c-294c78.sh,20260907T235356-668478Z-c-294c78.stdout.txt,20260907T235356-668478Z-c-294c78.stderr.txt
20260907T235357-159394Z-c-3fa4c4,addinvoice,c,mesh,2026-09-07T23:53:57.160372+00:00,2026-09-07T23:53:57.676576+00:00,0.5159748999994918,0,20260907T235357-159394Z-c-3fa4c4.sh,20260907T235357-159394Z-c-3fa4c4.stdout.txt,20260907T235357-159394Z-c-3fa4c4.stderr.txt
20260907T235357-678528Z-b-99a819,payment-chain-stopped-b-c-24,b,mesh,2026-09-07T23:53:57.679504+00:00,2026-09-07T23:53:58.453631+00:00,0.7738090000002558,0,20260907T235357-678528Z-b-99a819.sh,20260907T235357-678528Z-b-99a819.stdout.txt,20260907T235357-678528Z-b-99a819.stderr.txt
20260907T235358-460496Z-c-9e33d9,lookupinvoice,c,mesh,2026-09-07T23:53:58.460496+00:00,2026-09-07T23:53:58.992726+00:00,0.5314495000002353,0,20260907T235358-460496Z-c-9e33d9.sh,20260907T235358-460496Z-c-9e33d9.stdout.txt,20260907T235358-460496Z-c-9e33d9.stderr.txt
20260907T235358-995683Z-c-99a50d,addinvoice,c,mesh,2026-09-07T23:53:58.995683+00:00,2026-09-07T23:53:59.485416+00:00,0.48870390000047337,0,20260907T235358-995683Z-c-99a50d.sh,20260907T235358-995683Z-c-99a50d.stdout.txt,20260907T235358-995683Z-c-99a50d.stderr.txt
20260907T235359-487375Z-b-685f83,payment-chain-stopped-b-c-25,b,mesh,2026-09-07T23:53:59.488352+00:00,2026-09-07T23:54:00.244510+00:00,0.7552638999986812,0,20260907T235359-487375Z-b-685f83.sh,20260907T235359-487375Z-b-685f83.stdout.txt,20260907T235359-487375Z-b-685f83.stderr.txt
20260907T235400-246500Z-c-61c891,lookupinvoice,c,mesh,2026-09-07T23:54:00.247475+00:00,2026-09-07T23:54:00.736819+00:00,0.48854209999990417,0,20260907T235400-246500Z-c-61c891.sh,20260907T235400-246500Z-c-61c891.stdout.txt,20260907T235400-246500Z-c-61c891.stderr.txt
20260907T235400-739747Z-c-564b35,addinvoice,c,mesh,2026-09-07T23:54:00.739747+00:00,2026-09-07T23:54:01.270749+00:00,0.5305017999999109,0,20260907T235400-739747Z-c-564b35.sh,20260907T235400-739747Z-c-564b35.stdout.txt,20260907T235400-739747Z-c-564b35.stderr.txt
20260907T235401-272705Z-b-3169d6,payment-chain-stopped-b-c-26,b,mesh,2026-09-07T23:54:01.273678+00:00,2026-09-07T23:54:02.100546+00:00,0.8267335999989882,0,20260907T235401-272705Z-b-3169d6.sh,20260907T235401-272705Z-b-3169d6.stdout.txt,20260907T235401-272705Z-b-3169d6.stderr.txt
20260907T235402-101520Z-c-bfa56a,lookupinvoice,c,mesh,2026-09-07T23:54:02.103499+00:00,2026-09-07T23:54:02.580574+00:00,0.4765150999992329,0,20260907T235402-101520Z-c-bfa56a.sh,20260907T235402-101520Z-c-bfa56a.stdout.txt,20260907T235402-101520Z-c-bfa56a.stderr.txt
20260907T235402-582526Z-c-3713bd,addinvoice,c,mesh,2026-09-07T23:54:02.583503+00:00,2026-09-07T23:54:03.076636+00:00,0.4933712000001833,0,20260907T235402-582526Z-c-3713bd.sh,20260907T235402-582526Z-c-3713bd.stdout.txt,20260907T235402-582526Z-c-3713bd.stderr.txt
20260907T235403-079562Z-b-585dab,payment-chain-stopped-b-c-27,b,mesh,2026-09-07T23:54:03.080542+00:00,2026-09-07T23:54:03.838004+00:00,0.756397700000889,0,20260907T235403-079562Z-b-585dab.sh,20260907T235403-079562Z-b-585dab.stdout.txt,20260907T235403-079562Z-b-585dab.stderr.txt
20260907T235403-838982Z-c-e89475,lookupinvoice,c,mesh,2026-09-07T23:54:03.839957+00:00,2026-09-07T23:54:07.007790+00:00,3.1677016000012372,0,20260907T235403-838982Z-c-e89475.sh,20260907T235403-838982Z-c-e89475.stdout.txt,20260907T235403-838982Z-c-e89475.stderr.txt
20260907T235407-009745Z-c-3c3d24,addinvoice,c,mesh,2026-09-07T23:54:07.011696+00:00,2026-09-07T23:54:07.528633+00:00,0.5170388999995339,0,20260907T235407-009745Z-c-3c3d24.sh,20260907T235407-009745Z-c-3c3d24.stdout.txt,20260907T235407-009745Z-c-3c3d24.stderr.txt
20260907T235407-530587Z-b-5d16f0,payment-chain-stopped-b-c-28,b,mesh,2026-09-07T23:54:07.531563+00:00,2026-09-07T23:54:08.307199+00:00,0.7759564000007231,0,20260907T235407-530587Z-b-5d16f0.sh,20260907T235407-530587Z-b-5d16f0.stdout.txt,20260907T235407-530587Z-b-5d16f0.stderr.txt
20260907T235408-310125Z-c-7ccb72,lookupinvoice,c,mesh,2026-09-07T23:54:08.311102+00:00,2026-09-07T23:54:08.805748+00:00,0.4938339000000269,0,20260907T235408-310125Z-c-7ccb72.sh,20260907T235408-310125Z-c-7ccb72.stdout.txt,20260907T235408-310125Z-c-7ccb72.stderr.txt
20260907T235408-807707Z-c-9f2ec9,addinvoice,c,mesh,2026-09-07T23:54:08.808689+00:00,2026-09-07T23:54:09.281963+00:00,0.4734275999999227,0,20260907T235408-807707Z-c-9f2ec9.sh,20260907T235408-807707Z-c-9f2ec9.stdout.txt,20260907T235408-807707Z-c-9f2ec9.stderr.txt
20260907T235409-283916Z-b-8969b7,payment-chain-stopped-b-c-29,b,mesh,2026-09-07T23:54:09.283916+00:00,2026-09-07T23:54:10.091118+00:00,0.8067133000004105,0,20260907T235409-283916Z-b-8969b7.sh,20260907T235409-283916Z-b-8969b7.stdout.txt,20260907T235409-283916Z-b-8969b7.stderr.txt
20260907T235410-093072Z-c-878140,lookupinvoice,c,mesh,2026-09-07T23:54:10.094049+00:00,2026-09-07T23:54:10.546928+00:00,0.4523877999999968,0,20260907T235410-093072Z-c-878140.sh,20260907T235410-093072Z-c-878140.stdout.txt,20260907T235410-093072Z-c-878140.stderr.txt
20260907T235410-549855Z-c-d06ce3,addinvoice,c,mesh,2026-09-07T23:54:10.550831+00:00,2026-09-07T23:54:11.041138+00:00,0.48995019999892975,0,20260907T235410-549855Z-c-d06ce3.sh,20260907T235410-549855Z-c-d06ce3.stdout.txt,20260907T235410-549855Z-c-d06ce3.stderr.txt
20260907T235411-043092Z-b-8b640a,payment-chain-stopped-b-c-30,b,mesh,2026-09-07T23:54:11.044069+00:00,2026-09-07T23:54:11.812119+00:00,0.7683894000001601,0,20260907T235411-043092Z-b-8b640a.sh,20260907T235411-043092Z-b-8b640a.stdout.txt,20260907T235411-043092Z-b-8b640a.stderr.txt
20260907T235411-815051Z-c-70974e,lookupinvoice,c,mesh,2026-09-07T23:54:11.816056+00:00,2026-09-07T23:54:12.318122+00:00,0.5022141999997984,0,20260907T235411-815051Z-c-70974e.sh,20260907T235411-815051Z-c-70974e.stdout.txt,20260907T235411-815051Z-c-70974e.stderr.txt
20260907T235412-324959Z-b-875c94,leaf-info-with-chain-stopped,b,mesh,2026-09-07T23:54:12.325963+00:00,2026-09-07T23:54:12.800851+00:00,0.4747418999995716,0,20260907T235412-324959Z-b-875c94.sh,20260907T235412-324959Z-b-875c94.stdout.txt,20260907T235412-324959Z-b-875c94.stderr.txt
20260907T235412-802805Z-c-58df1d,leaf-info-with-chain-stopped,c,mesh,2026-09-07T23:54:12.802805+00:00,2026-09-07T23:54:13.290104+00:00,0.4863055000005261,0,20260907T235412-802805Z-c-58df1d.sh,20260907T235412-802805Z-c-58df1d.stdout.txt,20260907T235412-802805Z-c-58df1d.stderr.txt
20260907T235413-291079Z-a-ec20aa,chain-still-stopped,a,mesh,2026-09-07T23:54:13.292056+00:00,2026-09-07T23:54:16.257352+00:00,2.9648503999997047,0,20260907T235413-291079Z-a-ec20aa.sh,20260907T235413-291079Z-a-ec20aa.stdout.txt,20260907T235413-291079Z-a-ec20aa.stderr.txt
20260907T235416-259308Z-a-f4bd0a,restore-chain-and-gateway-lnd,a,mesh,2026-09-07T23:54:16.261257+00:00,2026-09-07T23:54:20.853049+00:00,4.591410099999848,0,20260907T235416-259308Z-a-f4bd0a.sh,20260907T235416-259308Z-a-f4bd0a.stdout.txt,20260907T235416-259308Z-a-f4bd0a.stderr.txt
20260907T235420-854024Z-a-0fba0e,getblockcount,a,mesh,2026-09-07T23:54:20.856506+00:00,2026-09-07T23:54:21.113983+00:00,0.2570718000006309,0,20260907T235420-854024Z-a-0fba0e.sh,20260907T235420-854024Z-a-0fba0e.stdout.txt,20260907T235420-854024Z-a-0fba0e.stderr.txt
20260907T235421-114956Z-a-058277,wait-chain-sync,a,mesh,2026-09-07T23:54:21.117443+00:00,2026-09-07T23:54:21.438544+00:00,0.3206112999996549,0,20260907T235421-114956Z-a-058277.sh,20260907T235421-114956Z-a-058277.stdout.txt,20260907T235421-114956Z-a-058277.stderr.txt
20260907T235421-440494Z-b-9f5187,wait-chain-sync,b,mesh,2026-09-07T23:54:21.440494+00:00,2026-09-07T23:54:21.948450+00:00,0.5073963999984699,0,20260907T235421-440494Z-b-9f5187.sh,20260907T235421-440494Z-b-9f5187.stdout.txt,20260907T235421-440494Z-b-9f5187.stderr.txt
20260907T235421-951377Z-c-954b3f,wait-chain-sync,c,mesh,2026-09-07T23:54:21.952354+00:00,2026-09-07T23:54:22.483303+00:00,0.5312914999994973,0,20260907T235421-951377Z-c-954b3f.sh,20260907T235421-951377Z-c-954b3f.stdout.txt,20260907T235421-951377Z-c-954b3f.stderr.txt
20260907T235422-485255Z-a-b8eda8,wait-active-a-b,a,mesh,2026-09-07T23:54:22.487242+00:00,2026-09-07T23:54:22.785205+00:00,0.2978079999993497,0,20260907T235422-485255Z-a-b8eda8.sh,20260907T235422-485255Z-a-b8eda8.stdout.txt,20260907T235422-485255Z-a-b8eda8.stderr.txt
20260907T235422-787188Z-a-f9142f,wait-active-a-c,a,mesh,2026-09-07T23:54:22.789142+00:00,2026-09-07T23:54:23.072217+00:00,0.28307739999945625,0,20260907T235422-787188Z-a-f9142f.sh,20260907T235422-787188Z-a-f9142f.stdout.txt,20260907T235422-787188Z-a-f9142f.stderr.txt
20260907T235423-074168Z-b-d51614,wait-active-b-c,b,mesh,2026-09-07T23:54:23.074168+00:00,2026-09-07T23:54:23.549554+00:00,0.4741312000005564,0,20260907T235423-074168Z-b-d51614.sh,20260907T235423-074168Z-b-d51614.stdout.txt,20260907T235423-074168Z-b-d51614.stderr.txt
20260907T235423-551129Z-a-a1a48d,walletbalance,a,mesh,2026-09-07T23:54:23.551650+00:00,2026-09-07T23:54:27.733350+00:00,4.181525899999542,0,20260907T235423-551129Z-a-a1a48d.sh,20260907T235423-551129Z-a-a1a48d.stdout.txt,20260907T235423-551129Z-a-a1a48d.stderr.txt
20260907T235427-735302Z-a-bb151c,channelbalance,a,mesh,2026-09-07T23:54:27.735302+00:00,2026-09-07T23:54:28.036841+00:00,0.3006759999989299,0,20260907T235427-735302Z-a-bb151c.sh,20260907T235427-735302Z-a-bb151c.stdout.txt,20260907T235427-735302Z-a-bb151c.stderr.txt
20260907T235428-038801Z-a-a2f0eb,listchannels,a,mesh,2026-09-07T23:54:28.039774+00:00,2026-09-07T23:54:28.337408+00:00,0.2974126000008255,0,20260907T235428-038801Z-a-a2f0eb.sh,20260907T235428-038801Z-a-a2f0eb.stdout.txt,20260907T235428-038801Z-a-a2f0eb.stderr.txt
20260907T235428-340339Z-a-7255ee,pendingchannels,a,mesh,2026-09-07T23:54:28.340339+00:00,2026-09-07T23:54:28.638464+00:00,0.2974104000004445,0,20260907T235428-340339Z-a-7255ee.sh,20260907T235428-340339Z-a-7255ee.stdout.txt,20260907T235428-340339Z-a-7255ee.stderr.txt
20260907T235428-639436Z-a-ea63c1,getinfo,a,mesh,2026-09-07T23:54:28.641391+00:00,2026-09-07T23:54:28.939723+00:00,0.2975372000000789,0,20260907T235428-639436Z-a-ea63c1.sh,20260907T235428-639436Z-a-ea63c1.stdout.txt,20260907T235428-639436Z-a-ea63c1.stderr.txt
20260907T235428-940697Z-b-55fc30,walletbalance,b,mesh,2026-09-07T23:54:28.941676+00:00,2026-09-07T23:54:29.437890+00:00,0.49589279999963765,0,20260907T235428-940697Z-b-55fc30.sh,20260907T235428-940697Z-b-55fc30.stdout.txt,20260907T235428-940697Z-b-55fc30.stderr.txt
20260907T235429-439841Z-b-5abc4f,channelbalance,b,mesh,2026-09-07T23:54:29.439841+00:00,2026-09-07T23:54:29.909600+00:00,0.46893289999934495,0,20260907T235429-439841Z-b-5abc4f.sh,20260907T235429-439841Z-b-5abc4f.stdout.txt,20260907T235429-439841Z-b-5abc4f.stderr.txt
20260907T235429-910581Z-b-e4282a,listchannels,b,mesh,2026-09-07T23:54:29.911557+00:00,2026-09-07T23:54:30.377466+00:00,0.46539020000091114,0,20260907T235429-910581Z-b-e4282a.sh,20260907T235429-910581Z-b-e4282a.stdout.txt,20260907T235429-910581Z-b-e4282a.stderr.txt
20260907T235430-380396Z-b-b58a79,pendingchannels,b,mesh,2026-09-07T23:54:30.380396+00:00,2026-09-07T23:54:30.841696+00:00,0.46008599999913713,0,20260907T235430-380396Z-b-b58a79.sh,20260907T235430-380396Z-b-b58a79.stdout.txt,20260907T235430-380396Z-b-b58a79.stderr.txt
20260907T235430-842674Z-b-e6203f,getinfo,b,mesh,2026-09-07T23:54:30.844626+00:00,2026-09-07T23:54:31.349570+00:00,0.504666000000725,0,20260907T235430-842674Z-b-e6203f.sh,20260907T235430-842674Z-b-e6203f.stdout.txt,20260907T235430-842674Z-b-e6203f.stderr.txt
20260907T235431-350544Z-c-20af7e,walletbalance,c,mesh,2026-09-07T23:54:31.352496+00:00,2026-09-07T23:54:31.892486+00:00,0.5395113000013225,0,20260907T235431-350544Z-c-20af7e.sh,20260907T235431-350544Z-c-20af7e.stdout.txt,20260907T235431-350544Z-c-20af7e.stderr.txt
20260907T235431-894440Z-c-609d40,channelbalance,c,mesh,2026-09-07T23:54:31.895417+00:00,2026-09-07T23:54:32.407548+00:00,0.5117950000003475,0,20260907T235431-894440Z-c-609d40.sh,20260907T235431-894440Z-c-609d40.stdout.txt,20260907T235431-894440Z-c-609d40.stderr.txt
20260907T235432-408525Z-c-2af7d9,listchannels,c,mesh,2026-09-07T23:54:32.410506+00:00,2026-09-07T23:54:32.904601+00:00,0.4931892999993579,0,20260907T235432-408525Z-c-2af7d9.sh,20260907T235432-408525Z-c-2af7d9.stdout.txt,20260907T235432-408525Z-c-2af7d9.stderr.txt
20260907T235432-905577Z-c-bd6318,pendingchannels,c,mesh,2026-09-07T23:54:32.906584+00:00,2026-09-07T23:54:33.412935+00:00,0.506092699999499,0,20260907T235432-905577Z-c-bd6318.sh,20260907T235432-905577Z-c-bd6318.stdout.txt,20260907T235432-905577Z-c-bd6318.stderr.txt
20260907T235433-415866Z-c-ed483f,getinfo,c,mesh,2026-09-07T23:54:33.415866+00:00,2026-09-07T23:54:36.580709+00:00,3.1635994000007486,0,20260907T235433-415866Z-c-ed483f.sh,20260907T235433-415866Z-c-ed483f.stdout.txt,20260907T235433-415866Z-c-ed483f.stderr.txt
20260907T235447-354972Z-a-de45d7,identify-regtest,a,mesh,2026-09-07T23:54:47.354972+00:00,2026-09-07T23:54:50.372480+00:00,3.0165872999987187,0,20260907T235447-354972Z-a-de45d7.sh,20260907T235447-354972Z-a-de45d7.stdout.txt,20260907T235447-354972Z-a-de45d7.stderr.txt
20260907T235450-375408Z-b-725495,identify-regtest,b,mesh,2026-09-07T23:54:50.375408+00:00,2026-09-07T23:54:50.895160+00:00,0.5189162000006036,0,20260907T235450-375408Z-b-725495.sh,20260907T235450-375408Z-b-725495.stdout.txt,20260907T235450-375408Z-b-725495.stderr.txt
20260907T235450-896139Z-c-594473,identify-regtest,c,mesh,2026-09-07T23:54:50.897144+00:00,2026-09-07T23:54:51.407634+00:00,0.5099293999992369,0,20260907T235450-896139Z-c-594473.sh,20260907T235450-896139Z-c-594473.stdout.txt,20260907T235450-896139Z-c-594473.stderr.txt
20260907T235451-408615Z-a-f81be6,getblockchaininfo,a,mesh,2026-09-07T23:54:51.410575+00:00,2026-09-07T23:54:51.689167+00:00,0.2777951000007306,0,20260907T235451-408615Z-a-f81be6.sh,20260907T235451-408615Z-a-f81be6.stdout.txt,20260907T235451-408615Z-a-f81be6.stderr.txt
20260907T235451-691122Z-a-be3f5a,getblockcount,a,mesh,2026-09-07T23:54:51.691122+00:00,2026-09-07T23:54:51.969174+00:00,0.2772774000004574,0,20260907T235451-691122Z-a-be3f5a.sh,20260907T235451-691122Z-a-be3f5a.stdout.txt,20260907T235451-691122Z-a-be3f5a.stderr.txt
20260907T235451-971126Z-a-861bcf,wait-chain-sync,a,mesh,2026-09-07T23:54:51.972103+00:00,2026-09-07T23:54:52.260407+00:00,0.28752239999994345,0,20260907T235451-971126Z-a-861bcf.sh,20260907T235451-971126Z-a-861bcf.stdout.txt,20260907T235451-971126Z-a-861bcf.stderr.txt
20260907T235452-261383Z-b-eea108,wait-chain-sync,b,mesh,2026-09-07T23:54:52.262356+00:00,2026-09-07T23:54:52.755217+00:00,0.4926345999992918,0,20260907T235452-261383Z-b-eea108.sh,20260907T235452-261383Z-b-eea108.stdout.txt,20260907T235452-261383Z-b-eea108.stderr.txt
20260907T235452-757694Z-c-a2af57,wait-chain-sync,c,mesh,2026-09-07T23:54:52.758679+00:00,2026-09-07T23:54:53.217717+00:00,0.45952260000012757,0,20260907T235452-757694Z-c-a2af57.sh,20260907T235452-757694Z-c-a2af57.stdout.txt,20260907T235452-757694Z-c-a2af57.stderr.txt
20260907T235453-220651Z-c-97ea29,create-disposable-breach-node,c,mesh,2026-09-07T23:54:53.221631+00:00,2026-09-07T23:55:09.930087+00:00,16.70748889999959,0,20260907T235453-220651Z-c-97ea29.sh,20260907T235453-220651Z-c-97ea29.stdout.txt,20260907T235453-220651Z-c-97ea29.stderr.txt
20260907T235509-931067Z-c-6288f6,breach-node-rpc,c,mesh,2026-09-07T23:55:09.932043+00:00,2026-09-07T23:55:13.079338+00:00,3.1467330000014044,0,20260907T235509-931067Z-c-6288f6.sh,20260907T235509-931067Z-c-6288f6.stdout.txt,20260907T235509-931067Z-c-6288f6.stderr.txt
20260907T235513-081293Z-b-191fd3,connect-breach-node,b,mesh,2026-09-07T23:55:13.081293+00:00,2026-09-07T23:55:13.636201+00:00,0.5545127000004868,0,20260907T235513-081293Z-b-191fd3.sh,20260907T235513-081293Z-b-191fd3.stdout.txt,20260907T235513-081293Z-b-191fd3.stderr.txt
20260907T235513-639160Z-b-6b5efe,open-breach-channel,b,mesh,2026-09-07T23:55:13.639160+00:00,2026-09-07T23:55:17.425119+00:00,3.7851420999995753,0,20260907T235513-639160Z-b-6b5efe.sh,20260907T235513-639160Z-b-6b5efe.stdout.txt,20260907T235513-639160Z-b-6b5efe.stderr.txt
20260907T235517-428079Z-a-e3c269,mine-6-blocks,a,mesh,2026-09-07T23:55:17.429060+00:00,2026-09-07T23:55:17.761462+00:00,0.3320858999995835,0,20260907T235517-428079Z-a-e3c269.sh,20260907T235517-428079Z-a-e3c269.stdout.txt,20260907T235517-428079Z-a-e3c269.stderr.txt
20260907T235517-762438Z-a-4393c5,getblockcount,a,mesh,2026-09-07T23:55:17.764393+00:00,2026-09-07T23:55:18.021351+00:00,0.2563121000002866,0,20260907T235517-762438Z-a-4393c5.sh,20260907T235517-762438Z-a-4393c5.stdout.txt,20260907T235517-762438Z-a-4393c5.stderr.txt
20260907T235518-022328Z-a-996644,wait-chain-sync,a,mesh,2026-09-07T23:55:18.024282+00:00,2026-09-07T23:55:18.308090+00:00,0.28421999999955005,0,20260907T235518-022328Z-a-996644.sh,20260907T235518-022328Z-a-996644.stdout.txt,20260907T235518-022328Z-a-996644.stderr.txt
20260907T235518-310047Z-b-77b3c8,wait-chain-sync,b,mesh,2026-09-07T23:55:18.311026+00:00,2026-09-07T23:55:18.812058+00:00,0.5002289000003657,0,20260907T235518-310047Z-b-77b3c8.sh,20260907T235518-310047Z-b-77b3c8.stdout.txt,20260907T235518-310047Z-b-77b3c8.stderr.txt
20260907T235518-814011Z-c-0e8148,wait-chain-sync,c,mesh,2026-09-07T23:55:18.814988+00:00,2026-09-07T23:55:19.309187+00:00,0.4938040999986697,0,20260907T235518-814011Z-c-0e8148.sh,20260907T235518-814011Z-c-0e8148.stdout.txt,20260907T235518-814011Z-c-0e8148.stderr.txt
20260907T235519-312115Z-b-b28155,breach-channel-active,b,mesh,2026-09-07T23:55:19.313092+00:00,2026-09-07T23:55:22.435221+00:00,3.1214286999984324,0,20260907T235519-312115Z-b-b28155.sh,20260907T235519-312115Z-b-b28155.stdout.txt,20260907T235519-312115Z-b-b28155.stderr.txt
20260907T235522-436198Z-c-8e22e5,breach-node-rpc,c,mesh,2026-09-07T23:55:22.437175+00:00,2026-09-07T23:55:22.906210+00:00,0.467960400001175,0,20260907T235522-436198Z-c-8e22e5.sh,20260907T235522-436198Z-c-8e22e5.stdout.txt,20260907T235522-436198Z-c-8e22e5.stderr.txt
20260907T235522-907187Z-c-251a97,snapshot-stale-channel-state,c,mesh,2026-09-07T23:55:22.907187+00:00,2026-09-07T23:55:26.748402+00:00,3.8393149000003177,0,20260907T235522-907187Z-c-251a97.sh,20260907T235522-907187Z-c-251a97.stdout.txt,20260907T235522-907187Z-c-251a97.stderr.txt
20260907T235526-750359Z-b-b2d0d9,breach-channel-reconnected,b,mesh,2026-09-07T23:55:26.751336+00:00,2026-09-07T23:55:27.290643+00:00,0.5391928000008193,0,20260907T235526-750359Z-b-b2d0d9.sh,20260907T235526-750359Z-b-b2d0d9.stdout.txt,20260907T235526-750359Z-b-b2d0d9.stderr.txt
20260907T235529-293754Z-b-0048e7,breach-channel-reconnected,b,mesh,2026-09-07T23:55:29.293754+00:00,2026-09-07T23:55:32.448835+00:00,3.153820600000472,0,20260907T235529-293754Z-b-0048e7.sh,20260907T235529-293754Z-b-0048e7.stdout.txt,20260907T235529-293754Z-b-0048e7.stderr.txt
20260907T235534-450337Z-b-bcd1ad,breach-channel-reconnected,b,mesh,2026-09-07T23:55:34.450337+00:00,2026-09-07T23:55:34.943002+00:00,0.4919302999987849,0,20260907T235534-450337Z-b-bcd1ad.sh,20260907T235534-450337Z-b-bcd1ad.stdout.txt,20260907T235534-450337Z-b-bcd1ad.stderr.txt
20260907T235536-945127Z-b-07b778,breach-channel-reconnected,b,mesh,2026-09-07T23:55:36.947084+00:00,2026-09-07T23:55:37.461051+00:00,0.513803599998937,0,20260907T235536-945127Z-b-07b778.sh,20260907T235536-945127Z-b-07b778.stdout.txt,20260907T235536-945127Z-b-07b778.stderr.txt
20260907T235539-464499Z-b-2c859b,breach-channel-reconnected,b,mesh,2026-09-07T23:55:39.464499+00:00,2026-09-07T23:55:42.627920+00:00,3.1631039999992936,0,20260907T235539-464499Z-b-2c859b.sh,20260907T235539-464499Z-b-2c859b.stdout.txt,20260907T235539-464499Z-b-2c859b.stderr.txt
20260907T235544-631762Z-b-0d7bc0,breach-channel-reconnected,b,mesh,2026-09-07T23:55:44.631762+00:00,2026-09-07T23:55:45.232998+00:00,0.6004684999988967,0,20260907T235544-631762Z-b-0d7bc0.sh,20260907T235544-631762Z-b-0d7bc0.stdout.txt,20260907T235544-631762Z-b-0d7bc0.stderr.txt
20260907T235547-235392Z-b-6bfd55,breach-channel-reconnected,b,mesh,2026-09-07T23:55:47.237350+00:00,2026-09-07T23:55:48.052054+00:00,0.8142931999991561,0,20260907T235547-235392Z-b-6bfd55.sh,20260907T235547-235392Z-b-6bfd55.stdout.txt,20260907T235547-235392Z-b-6bfd55.stderr.txt
20260907T235550-053906Z-b-3e19d0,breach-channel-reconnected,b,mesh,2026-09-07T23:55:50.055862+00:00,2026-09-07T23:55:53.346272+00:00,3.290079999998852,0,20260907T235550-053906Z-b-3e19d0.sh,20260907T235550-053906Z-b-3e19d0.stdout.txt,20260907T235550-053906Z-b-3e19d0.stderr.txt
20260907T235555-348047Z-b-e4083a,breach-channel-reconnected,b,mesh,2026-09-07T23:55:55.348047+00:00,2026-09-07T23:55:55.911303+00:00,0.5624537000003329,0,20260907T235555-348047Z-b-e4083a.sh,20260907T235555-348047Z-b-e4083a.stdout.txt,20260907T235555-348047Z-b-e4083a.stderr.txt
20260907T235557-913537Z-b-34f712,breach-channel-reconnected,b,mesh,2026-09-07T23:55:57.913537+00:00,2026-09-07T23:55:58.429790+00:00,0.5153694000000542,0,20260907T235557-913537Z-b-34f712.sh,20260907T235557-913537Z-b-34f712.stdout.txt,20260907T235557-913537Z-b-34f712.stderr.txt
20260907T235600-432299Z-b-d84b73,breach-channel-reconnected,b,mesh,2026-09-07T23:56:00.432299+00:00,2026-09-07T23:56:03.566749+00:00,3.132957100000567,0,20260907T235600-432299Z-b-d84b73.sh,20260907T235600-432299Z-b-d84b73.stdout.txt,20260907T235600-432299Z-b-d84b73.stderr.txt
20260907T235605-568621Z-b-020a4b,breach-channel-reconnected,b,mesh,2026-09-07T23:56:05.568621+00:00,2026-09-07T23:56:06.053692+00:00,0.4845378999998502,0,20260907T235605-568621Z-b-020a4b.sh,20260907T235605-568621Z-b-020a4b.stdout.txt,20260907T235605-568621Z-b-020a4b.stderr.txt
20260907T235608-055996Z-b-d92193,breach-channel-reconnected,b,mesh,2026-09-07T23:56:08.055996+00:00,2026-09-07T23:56:08.586924+00:00,0.5301808999993227,0,20260907T235608-055996Z-b-d92193.sh,20260907T235608-055996Z-b-d92193.stdout.txt,20260907T235608-055996Z-b-d92193.stderr.txt
20260907T235610-589220Z-b-eab096,breach-channel-reconnected,b,mesh,2026-09-07T23:56:10.589220+00:00,2026-09-07T23:56:13.798230+00:00,3.2081882000002224,0,20260907T235610-589220Z-b-eab096.sh,20260907T235610-589220Z-b-eab096.stdout.txt,20260907T235610-589220Z-b-eab096.stderr.txt
20260907T235615-801491Z-b-9da149,breach-channel-reconnected,b,mesh,2026-09-07T23:56:15.801491+00:00,2026-09-07T23:56:16.305294+00:00,0.5031165000000328,0,20260907T235615-801491Z-b-9da149.sh,20260907T235615-801491Z-b-9da149.stdout.txt,20260907T235615-801491Z-b-9da149.stderr.txt
20260907T235618-309668Z-b-d38dd8,breach-channel-reconnected,b,mesh,2026-09-07T23:56:18.310187+00:00,2026-09-07T23:56:18.838128+00:00,0.5280258000002505,0,20260907T235618-309668Z-b-d38dd8.sh,20260907T235618-309668Z-b-d38dd8.stdout.txt,20260907T235618-309668Z-b-d38dd8.stderr.txt
20260907T235620-842104Z-b-0f63b7,breach-channel-reconnected,b,mesh,2026-09-07T23:56:20.842104+00:00,2026-09-07T23:56:24.052658+00:00,3.2102021999999124,0,20260907T235620-842104Z-b-0f63b7.sh,20260907T235620-842104Z-b-0f63b7.stdout.txt,20260907T235620-842104Z-b-0f63b7.stderr.txt
20260907T235626-056476Z-b-71eea1,breach-channel-reconnected,b,mesh,2026-09-07T23:56:26.056476+00:00,2026-09-07T23:56:26.538602+00:00,0.4814131000002817,0,20260907T235626-056476Z-b-71eea1.sh,20260907T235626-056476Z-b-71eea1.stdout.txt,20260907T235626-056476Z-b-71eea1.stderr.txt
20260907T235628-541023Z-b-a75737,breach-channel-reconnected,b,mesh,2026-09-07T23:56:28.542980+00:00,2026-09-07T23:56:29.048595+00:00,0.5059538999994402,0,20260907T235628-541023Z-b-a75737.sh,20260907T235628-541023Z-b-a75737.stdout.txt,20260907T235628-541023Z-b-a75737.stderr.txt
20260907T235631-051166Z-b-efd9df,breach-channel-reconnected,b,mesh,2026-09-07T23:56:31.051166+00:00,2026-09-07T23:56:34.273638+00:00,3.222190500000579,0,20260907T235631-051166Z-b-efd9df.sh,20260907T235631-051166Z-b-efd9df.stdout.txt,20260907T235631-051166Z-b-efd9df.stderr.txt
20260907T235636-277599Z-b-37842c,breach-channel-reconnected,b,mesh,2026-09-07T23:56:36.278581+00:00,2026-09-07T23:56:36.766871+00:00,0.487954100000934,0,20260907T235636-277599Z-b-37842c.sh,20260907T235636-277599Z-b-37842c.stdout.txt,20260907T235636-277599Z-b-37842c.stderr.txt
20260907T235638-770028Z-b-25a62a,breach-channel-reconnected,b,mesh,2026-09-07T23:56:38.771040+00:00,2026-09-07T23:56:39.321043+00:00,0.5493182000009256,0,20260907T235638-770028Z-b-25a62a.sh,20260907T235638-770028Z-b-25a62a.stdout.txt,20260907T235638-770028Z-b-25a62a.stderr.txt
20260907T235641-322515Z-b-3ad13a,breach-channel-reconnected,b,mesh,2026-09-07T23:56:41.323497+00:00,2026-09-07T23:56:44.487180+00:00,3.1629927000012685,0,20260907T235641-322515Z-b-3ad13a.sh,20260907T235641-322515Z-b-3ad13a.stdout.txt,20260907T235641-322515Z-b-3ad13a.stderr.txt
20260907T235646-488784Z-b-5c6db4,breach-channel-reconnected,b,mesh,2026-09-07T23:56:46.488784+00:00,2026-09-07T23:56:46.969076+00:00,0.48007959999995364,0,20260907T235646-488784Z-b-5c6db4.sh,20260907T235646-488784Z-b-5c6db4.stdout.txt,20260907T235646-488784Z-b-5c6db4.stderr.txt
20260907T235648-971624Z-b-436696,breach-channel-reconnected,b,mesh,2026-09-07T23:56:48.971624+00:00,2026-09-07T23:56:49.455403+00:00,0.482994800000597,0,20260907T235648-971624Z-b-436696.sh,20260907T235648-971624Z-b-436696.stdout.txt,20260907T235648-971624Z-b-436696.stderr.txt
20260907T235651-459089Z-b-128237,breach-channel-reconnected,b,mesh,2026-09-07T23:56:51.460068+00:00,2026-09-07T23:56:54.654349+00:00,3.193591799999922,0,20260907T235651-459089Z-b-128237.sh,20260907T235651-459089Z-b-128237.stdout.txt,20260907T235651-459089Z-b-128237.stderr.txt
20260907T235656-658408Z-b-a78fa0,breach-channel-reconnected,b,mesh,2026-09-07T23:56:56.660364+00:00,2026-09-07T23:56:57.142686+00:00,0.4819463999992877,0,20260907T235656-658408Z-b-a78fa0.sh,20260907T235656-658408Z-b-a78fa0.stdout.txt,20260907T235656-658408Z-b-a78fa0.stderr.txt
20260907T235659-145913Z-b-bce308,breach-channel-reconnected,b,mesh,2026-09-07T23:56:59.145913+00:00,2026-09-07T23:56:59.671944+00:00,0.5249995999984094,0,20260907T235659-145913Z-b-bce308.sh,20260907T235659-145913Z-b-bce308.stdout.txt,20260907T235659-145913Z-b-bce308.stderr.txt
20260907T235701-673819Z-b-dbb9fc,breach-channel-reconnected,b,mesh,2026-09-07T23:57:01.673819+00:00,2026-09-07T23:57:04.879537+00:00,3.2051276999991387,0,20260907T235701-673819Z-b-dbb9fc.sh,20260907T235701-673819Z-b-dbb9fc.stdout.txt,20260907T235701-673819Z-b-dbb9fc.stderr.txt
20260907T235706-882025Z-b-ce79b4,breach-channel-reconnected,b,mesh,2026-09-07T23:57:06.882025+00:00,2026-09-07T23:57:07.361849+00:00,0.47917729999971925,0,20260907T235706-882025Z-b-ce79b4.sh,20260907T235706-882025Z-b-ce79b4.stdout.txt,20260907T235706-882025Z-b-ce79b4.stderr.txt
20260907T235709-363825Z-b-4f6774,breach-channel-reconnected,b,mesh,2026-09-07T23:57:09.363825+00:00,2026-09-07T23:57:09.890724+00:00,0.5263558999995439,0,20260907T235709-363825Z-b-4f6774.sh,20260907T235709-363825Z-b-4f6774.stdout.txt,20260907T235709-363825Z-b-4f6774.stderr.txt
20260907T235711-894877Z-b-3701a3,breach-channel-reconnected,b,mesh,2026-09-07T23:57:11.894877+00:00,2026-09-07T23:57:15.118056+00:00,3.2226606999993237,0,20260907T235711-894877Z-b-3701a3.sh,20260907T235711-894877Z-b-3701a3.stdout.txt,20260907T235711-894877Z-b-3701a3.stderr.txt
20260907T235717-120124Z-b-d0617c,breach-channel-reconnected,b,mesh,2026-09-07T23:57:17.120124+00:00,2026-09-07T23:57:17.623559+00:00,0.5025122999995801,0,20260907T235717-120124Z-b-d0617c.sh,20260907T235717-120124Z-b-d0617c.stdout.txt,20260907T235717-120124Z-b-d0617c.stderr.txt
20260907T235719-626458Z-b-45b300,breach-channel-reconnected,b,mesh,2026-09-07T23:57:19.626458+00:00,2026-09-07T23:57:20.152308+00:00,0.5249873000011576,0,20260907T235719-626458Z-b-45b300.sh,20260907T235719-626458Z-b-45b300.stdout.txt,20260907T235719-626458Z-b-45b300.stderr.txt
20260907T235719-758332Z-c-465cb6,breach-reconnect-diagnostic,c,mesh,2026-09-07T23:57:19.759313+00:00,2026-09-07T23:57:20.237559+00:00,0.4781193999988318,0,20260907T235719-758332Z-c-465cb6.sh,20260907T235719-758332Z-c-465cb6.stdout.txt,20260907T235719-758332Z-c-465cb6.stderr.txt
20260907T235720-240487Z-c-0cab03,fix-breach-advertised-port-and-reconnect,c,mesh,2026-09-07T23:57:20.240487+00:00,2026-09-07T23:57:20.789430+00:00,0.5482728999995743,0,20260907T235720-240487Z-c-0cab03.sh,20260907T235720-240487Z-c-0cab03.stdout.txt,20260907T235720-240487Z-c-0cab03.stderr.txt
20260907T235722-154650Z-b-20fcd8,breach-channel-reconnected,b,mesh,2026-09-07T23:57:22.154650+00:00,2026-09-07T23:57:25.352513+00:00,3.196983800000453,0,20260907T235722-154650Z-b-20fcd8.sh,20260907T235722-154650Z-b-20fcd8.stdout.txt,20260907T235722-154650Z-b-20fcd8.stderr.txt
20260907T235725-353494Z-b-28499c,addinvoice,b,mesh,2026-09-07T23:57:25.354472+00:00,2026-09-07T23:57:25.830721+00:00,0.4763904999999795,0,20260907T235725-353494Z-b-28499c.sh,20260907T235725-353494Z-b-28499c.stdout.txt,20260907T235725-353494Z-b-28499c.stderr.txt
20260907T235725-834276Z-c-fa1ed6,advance-breach-state-1,c,mesh,2026-09-07T23:57:25.834796+00:00,2026-09-07T23:57:26.661304+00:00,0.8260590999998385,0,20260907T235725-834276Z-c-fa1ed6.sh,20260907T235725-834276Z-c-fa1ed6.stdout.txt,20260907T235725-834276Z-c-fa1ed6.stderr.txt
20260907T235726-662808Z-b-7626e9,addinvoice,b,mesh,2026-09-07T23:57:26.663789+00:00,2026-09-07T23:57:27.140686+00:00,0.47618340000008175,0,20260907T235726-662808Z-b-7626e9.sh,20260907T235726-662808Z-b-7626e9.stdout.txt,20260907T235726-662808Z-b-7626e9.stderr.txt
20260907T235727-142666Z-c-4da661,advance-breach-state-2,c,mesh,2026-09-07T23:57:27.143648+00:00,2026-09-07T23:57:27.908622+00:00,0.7647450000004028,0,20260907T235727-142666Z-c-4da661.sh,20260907T235727-142666Z-c-4da661.stdout.txt,20260907T235727-142666Z-c-4da661.stderr.txt
20260907T235727-910574Z-b-67dc5e,addinvoice,b,mesh,2026-09-07T23:57:27.911553+00:00,2026-09-07T23:57:28.381366+00:00,0.4699190000010276,0,20260907T235727-910574Z-b-67dc5e.sh,20260907T235727-910574Z-b-67dc5e.stdout.txt,20260907T235727-910574Z-b-67dc5e.stderr.txt
20260907T235728-384829Z-c-e31c3e,advance-breach-state-3,c,mesh,2026-09-07T23:57:28.385808+00:00,2026-09-07T23:57:29.150546+00:00,0.7645197000001644,0,20260907T235728-384829Z-c-e31c3e.sh,20260907T235728-384829Z-c-e31c3e.stdout.txt,20260907T235728-384829Z-c-e31c3e.stderr.txt
20260907T235729-152524Z-c-b70a6d,breach-node-rpc,c,mesh,2026-09-07T23:57:29.153506+00:00,2026-09-07T23:57:29.624757+00:00,0.4705535000011878,0,20260907T235729-152524Z-c-b70a6d.sh,20260907T235729-152524Z-c-b70a6d.stdout.txt,20260907T235729-152524Z-c-b70a6d.stderr.txt
20260907T235729-625760Z-b-9c8f8f,walletbalance,b,mesh,2026-09-07T23:57:29.627718+00:00,2026-09-07T23:57:30.115855+00:00,0.48773289999917324,0,20260907T235729-625760Z-b-9c8f8f.sh,20260907T235729-625760Z-b-9c8f8f.stdout.txt,20260907T235729-625760Z-b-9c8f8f.stderr.txt
20260907T235730-117808Z-b-2fc667,victim-offline,b,mesh,2026-09-07T23:57:30.118785+00:00,2026-09-07T23:57:30.855965+00:00,0.7361926000012318,0,20260907T235730-117808Z-b-2fc667.sh,20260907T235730-117808Z-b-2fc667.stdout.txt,20260907T235730-117808Z-b-2fc667.stderr.txt
20260907T235730-857917Z-c-fb4e92,restore-stale-channel-state,c,mesh,2026-09-07T23:57:30.858892+00:00,2026-09-07T23:57:34.657977+00:00,3.7985511000006227,0,20260907T235730-857917Z-c-fb4e92.sh,20260907T235730-857917Z-c-fb4e92.stdout.txt,20260907T235730-857917Z-c-fb4e92.stderr.txt
20260907T235734-659929Z-c-8f733d,breach-node-rpc,c,mesh,2026-09-07T23:57:34.660906+00:00,2026-09-07T23:57:37.866737+00:00,3.2058458000010432,0,20260907T235734-659929Z-c-8f733d.sh,20260907T235734-659929Z-c-8f733d.stdout.txt,20260907T235734-659929Z-c-8f733d.stderr.txt
20260907T235737-867714Z-c-d86da1,broadcast-revoked-commitment,c,mesh,2026-09-07T23:57:37.869668+00:00,2026-09-07T23:57:41.499998+00:00,3.629559799999697,0,20260907T235737-867714Z-c-d86da1.sh,20260907T235737-867714Z-c-d86da1.stdout.txt,20260907T235737-867714Z-c-d86da1.stderr.txt
20260907T235741-502955Z-a-1c7182,getrawmempool,a,mesh,2026-09-07T23:57:41.503935+00:00,2026-09-07T23:57:41.783165+00:00,0.2794424000003346,0,20260907T235741-502955Z-a-1c7182.sh,20260907T235741-502955Z-a-1c7182.stdout.txt,20260907T235741-502955Z-a-1c7182.stderr.txt
20260907T235741-790005Z-a-98b419,getrawtransaction,a,mesh,2026-09-07T23:57:41.790982+00:00,2026-09-07T23:57:42.051787+00:00,0.2606156000001647,0,20260907T235741-790005Z-a-98b419.sh,20260907T235741-790005Z-a-98b419.stdout.txt,20260907T235741-790005Z-a-98b419.stderr.txt
20260907T235742-059154Z-a-b7fae9,confirm-revoked-commitment,a,mesh,2026-09-07T23:57:42.060130+00:00,2026-09-07T23:57:42.359836+00:00,0.29938159999983327,0,20260907T235742-059154Z-a-b7fae9.sh,20260907T235742-059154Z-a-b7fae9.stdout.txt,20260907T235742-059154Z-a-b7fae9.stderr.txt
20260907T235742-366222Z-a-036f7d,getblockcount,a,mesh,2026-09-07T23:57:42.367201+00:00,2026-09-07T23:57:42.638995+00:00,0.27140999999937776,0,20260907T235742-366222Z-a-036f7d.sh,20260907T235742-366222Z-a-036f7d.stdout.txt,20260907T235742-366222Z-a-036f7d.stderr.txt
20260907T235742-644406Z-b-f69cca,victim-return,b,mesh,2026-09-07T23:57:42.644406+00:00,2026-09-07T23:57:46.423593+00:00,3.778840400000263,0,20260907T235742-644406Z-b-f69cca.sh,20260907T235742-644406Z-b-f69cca.stdout.txt,20260907T235742-644406Z-b-f69cca.stderr.txt
20260907T235746-425552Z-a-d2914f,getblockcount,a,mesh,2026-09-07T23:57:46.430433+00:00,2026-09-07T23:57:49.398491+00:00,2.9681120999994164,0,20260907T235746-425552Z-a-d2914f.sh,20260907T235746-425552Z-a-d2914f.stdout.txt,20260907T235746-425552Z-a-d2914f.stderr.txt
20260907T235749-400444Z-a-dc96bd,wait-chain-sync,a,mesh,2026-09-07T23:57:49.400444+00:00,2026-09-07T23:57:49.705346+00:00,0.30403150000165624,0,20260907T235749-400444Z-a-dc96bd.sh,20260907T235749-400444Z-a-dc96bd.stdout.txt,20260907T235749-400444Z-a-dc96bd.stderr.txt
20260907T235749-712179Z-b-2bf926,wait-chain-sync,b,mesh,2026-09-07T23:57:49.713681+00:00,2026-09-07T23:57:50.222097+00:00,0.5081788999996206,0,20260907T235749-712179Z-b-2bf926.sh,20260907T235749-712179Z-b-2bf926.stdout.txt,20260907T235749-712179Z-b-2bf926.stderr.txt
20260907T235750-229465Z-c-79f251,wait-chain-sync,c,mesh,2026-09-07T23:57:50.230444+00:00,2026-09-07T23:57:50.781525+00:00,0.5505281999994622,0,20260907T235750-229465Z-c-79f251.sh,20260907T235750-229465Z-c-79f251.stdout.txt,20260907T235750-229465Z-c-79f251.stderr.txt
20260907T235750-788395Z-a-9a1cce,await-justice,a,mesh,2026-09-07T23:57:50.789370+00:00,2026-09-07T23:57:51.046329+00:00,0.25707080000029237,0,20260907T235750-788395Z-a-9a1cce.sh,20260907T235750-788395Z-a-9a1cce.stdout.txt,20260907T235750-788395Z-a-9a1cce.stderr.txt
20260907T235751-053688Z-a-56c873,getrawtransaction,a,mesh,2026-09-07T23:57:51.054668+00:00,2026-09-07T23:57:51.315419+00:00,0.2610268999997061,0,20260907T235751-053688Z-a-56c873.sh,20260907T235751-053688Z-a-56c873.stdout.txt,20260907T235751-053688Z-a-56c873.stderr.txt
20260907T235751-325219Z-a-555cf2,mine-1-blocks,a,mesh,2026-09-07T23:57:51.326197+00:00,2026-09-07T23:57:51.627571+00:00,0.3007216000005428,0,20260907T235751-325219Z-a-555cf2.sh,20260907T235751-325219Z-a-555cf2.stdout.txt,20260907T235751-325219Z-a-555cf2.stderr.txt
20260907T235751-629524Z-a-11c1a0,getblockcount,a,mesh,2026-09-07T23:57:51.631473+00:00,2026-09-07T23:57:51.898663+00:00,0.26650840000002063,0,20260907T235751-629524Z-a-11c1a0.sh,20260907T235751-629524Z-a-11c1a0.stdout.txt,20260907T235751-629524Z-a-11c1a0.stderr.txt
20260907T235751-900168Z-a-2116b9,wait-chain-sync,a,mesh,2026-09-07T23:57:51.907578+00:00,2026-09-07T23:57:52.221482+00:00,0.3136545000015758,0,20260907T235751-900168Z-a-2116b9.sh,20260907T235751-900168Z-a-2116b9.stdout.txt,20260907T235751-900168Z-a-2116b9.stderr.txt
20260907T235752-224443Z-b-6c8496,wait-chain-sync,b,mesh,2026-09-07T23:57:52.225423+00:00,2026-09-07T23:57:52.696625+00:00,0.4709994999993796,0,20260907T235752-224443Z-b-6c8496.sh,20260907T235752-224443Z-b-6c8496.stdout.txt,20260907T235752-224443Z-b-6c8496.stderr.txt
20260907T235752-701507Z-c-ab8354,wait-chain-sync,c,mesh,2026-09-07T23:57:52.702484+00:00,2026-09-07T23:57:53.232125+00:00,0.5298282000003383,0,20260907T235752-701507Z-c-ab8354.sh,20260907T235752-701507Z-c-ab8354.stdout.txt,20260907T235752-701507Z-c-ab8354.stderr.txt
20260907T235753-237541Z-a-b523f5,getblockcount,a,mesh,2026-09-07T23:57:53.241448+00:00,2026-09-07T23:57:53.508262+00:00,0.2663100999998278,0,20260907T235753-237541Z-a-b523f5.sh,20260907T235753-237541Z-a-b523f5.stdout.txt,20260907T235753-237541Z-a-b523f5.stderr.txt
20260907T235753-512168Z-b-54e51a,verify-breach-close,b,mesh,2026-09-07T23:57:53.512168+00:00,2026-09-07T23:57:53.958525+00:00,0.4449282999994466,0,20260907T235753-512168Z-b-54e51a.sh,20260907T235753-512168Z-b-54e51a.stdout.txt,20260907T235753-512168Z-b-54e51a.stderr.txt
20260907T235753-964413Z-b-7cf612,walletbalance,b,mesh,2026-09-07T23:57:53.965391+00:00,2026-09-07T23:57:55.557502+00:00,1.5921321000005264,0,20260907T235753-964413Z-b-7cf612.sh,20260907T235753-964413Z-b-7cf612.stdout.txt,20260907T235753-964413Z-b-7cf612.stderr.txt
20260907T235755-565842Z-b-b4462b,breach-arbiter-log,b,mesh,2026-09-07T23:57:55.566819+00:00,2026-09-07T23:57:56.108455+00:00,0.5417687999997725,0,20260907T235755-565842Z-b-b4462b.sh,20260907T235755-565842Z-b-b4462b.stdout.txt,20260907T235755-565842Z-b-b4462b.stderr.txt
20260907T235756-111384Z-c-cab9c1,breach-node-rpc,c,mesh,2026-09-07T23:57:56.115820+00:00,2026-09-07T23:58:00.433928+00:00,4.317514899999878,0,20260907T235756-111384Z-c-cab9c1.sh,20260907T235756-111384Z-c-cab9c1.stdout.txt,20260907T235756-111384Z-c-cab9c1.stderr.txt
20260907T235800-436896Z-c-5efb91,quarantine-disposable-breach-node,c,mesh,2026-09-07T23:58:00.440797+00:00,2026-09-07T23:58:01.125582+00:00,0.6844975000003615,0,20260907T235800-436896Z-c-5efb91.sh,20260907T235800-436896Z-c-5efb91.stdout.txt,20260907T235800-436896Z-c-5efb91.stderr.txt
20260907T235801-128511Z-a-faf433,wait-active-a-b,a,mesh,2026-09-07T23:58:01.129490+00:00,2026-09-07T23:58:01.468865+00:00,0.3388729999987845,0,20260907T235801-128511Z-a-faf433.sh,20260907T235801-128511Z-a-faf433.stdout.txt,20260907T235801-128511Z-a-faf433.stderr.txt
20260907T235801-474761Z-a-352591,wait-active-a-c,a,mesh,2026-09-07T23:58:01.475737+00:00,2026-09-07T23:58:01.771889+00:00,0.29623480000009295,0,20260907T235801-474761Z-a-352591.sh,20260907T235801-474761Z-a-352591.stdout.txt,20260907T235801-474761Z-a-352591.stderr.txt
20260907T235801-773866Z-b-be14e4,wait-active-b-c,b,mesh,2026-09-07T23:58:01.773866+00:00,2026-09-07T23:58:02.301814+00:00,0.5271543999988353,0,20260907T235801-773866Z-b-be14e4.sh,20260907T235801-773866Z-b-be14e4.stdout.txt,20260907T235801-773866Z-b-be14e4.stderr.txt
20260907T235802-308687Z-a-4c4a6f,walletbalance,a,mesh,2026-09-07T23:58:02.309654+00:00,2026-09-07T23:58:02.702531+00:00,0.39235980000012205,0,20260907T235802-308687Z-a-4c4a6f.sh,20260907T235802-308687Z-a-4c4a6f.stdout.txt,20260907T235802-308687Z-a-4c4a6f.stderr.txt
20260907T235802-704035Z-a-56e59e,channelbalance,a,mesh,2026-09-07T23:58:02.707945+00:00,2026-09-07T23:58:02.996028+00:00,0.28719620000083523,0,20260907T235802-704035Z-a-56e59e.sh,20260907T235802-704035Z-a-56e59e.stdout.txt,20260907T235802-704035Z-a-56e59e.stderr.txt
20260907T235802-997002Z-a-74e641,listchannels,a,mesh,2026-09-07T23:58:03.000908+00:00,2026-09-07T23:58:03.292513+00:00,0.29232169999886537,0,20260907T235802-997002Z-a-74e641.sh,20260907T235802-997002Z-a-74e641.stdout.txt,20260907T235802-997002Z-a-74e641.stderr.txt
20260907T235803-295976Z-a-e7158d,pendingchannels,a,mesh,2026-09-07T23:58:03.296953+00:00,2026-09-07T23:58:03.590634+00:00,0.2936248000005435,0,20260907T235803-295976Z-a-e7158d.sh,20260907T235803-295976Z-a-e7158d.stdout.txt,20260907T235803-295976Z-a-e7158d.stderr.txt
20260907T235803-595091Z-a-e8869e,getinfo,a,mesh,2026-09-07T23:58:03.595091+00:00,2026-09-07T23:58:03.891839+00:00,0.2959569000013289,0,20260907T235803-595091Z-a-e8869e.sh,20260907T235803-595091Z-a-e8869e.stdout.txt,20260907T235803-595091Z-a-e8869e.stderr.txt
20260907T235803-900754Z-b-2c8eb4,walletbalance,b,mesh,2026-09-07T23:58:03.901736+00:00,2026-09-07T23:58:04.389068+00:00,0.4873637000000599,0,20260907T235803-900754Z-b-2c8eb4.sh,20260907T235803-900754Z-b-2c8eb4.stdout.txt,20260907T235803-900754Z-b-2c8eb4.stderr.txt
20260907T235804-396906Z-b-3150a6,channelbalance,b,mesh,2026-09-07T23:58:04.396906+00:00,2026-09-07T23:58:04.859921+00:00,0.4619710999995732,0,20260907T235804-396906Z-b-3150a6.sh,20260907T235804-396906Z-b-3150a6.stdout.txt,20260907T235804-396906Z-b-3150a6.stderr.txt
20260907T235804-866781Z-b-c380a2,listchannels,b,mesh,2026-09-07T23:58:04.870687+00:00,2026-09-07T23:58:05.345009+00:00,0.47296599999936006,0,20260907T235804-866781Z-b-c380a2.sh,20260907T235804-866781Z-b-c380a2.stdout.txt,20260907T235804-866781Z-b-c380a2.stderr.txt
20260907T235805-345986Z-b-93b6e9,pendingchannels,b,mesh,2026-09-07T23:58:05.350867+00:00,2026-09-07T23:58:05.816868+00:00,0.46517359999961627,0,20260907T235805-345986Z-b-93b6e9.sh,20260907T235805-345986Z-b-93b6e9.stdout.txt,20260907T235805-345986Z-b-93b6e9.stderr.txt
20260907T235805-817845Z-b-376817,getinfo,b,mesh,2026-09-07T23:58:05.825206+00:00,2026-09-07T23:58:06.315148+00:00,0.4892011000010825,0,20260907T235805-817845Z-b-376817.sh,20260907T235805-817845Z-b-376817.stdout.txt,20260907T235805-817845Z-b-376817.stderr.txt
20260907T235806-321007Z-c-14aed0,walletbalance,c,mesh,2026-09-07T23:58:06.324951+00:00,2026-09-07T23:58:09.560127+00:00,3.2338568000013765,0,20260907T235806-321007Z-c-14aed0.sh,20260907T235806-321007Z-c-14aed0.stdout.txt,20260907T235806-321007Z-c-14aed0.stderr.txt
20260907T235809-561103Z-c-b44276,channelbalance,c,mesh,2026-09-07T23:58:09.564059+00:00,2026-09-07T23:58:10.078795+00:00,0.5145032000000356,0,20260907T235809-561103Z-c-b44276.sh,20260907T235809-561103Z-c-b44276.stdout.txt,20260907T235809-561103Z-c-b44276.stderr.txt
20260907T235810-079771Z-c-6624bc,listchannels,c,mesh,2026-09-07T23:58:10.081726+00:00,2026-09-07T23:58:10.583029+00:00,0.501006000000416,0,20260907T235810-079771Z-c-6624bc.sh,20260907T235810-079771Z-c-6624bc.stdout.txt,20260907T235810-079771Z-c-6624bc.stderr.txt
20260907T235810-588925Z-c-73e01b,pendingchannels,c,mesh,2026-09-07T23:58:10.588925+00:00,2026-09-07T23:58:11.132931+00:00,0.5428501999995206,0,20260907T235810-588925Z-c-73e01b.sh,20260907T235810-588925Z-c-73e01b.stdout.txt,20260907T235810-588925Z-c-73e01b.stderr.txt
20260907T235811-136873Z-c-9f2db2,getinfo,c,mesh,2026-09-07T23:58:11.137850+00:00,2026-09-07T23:58:11.625353+00:00,0.48655650000000605,0,20260907T235811-136873Z-c-9f2db2.sh,20260907T235811-136873Z-c-9f2db2.stdout.txt,20260907T235811-136873Z-c-9f2db2.stderr.txt
20260908T000256-355717Z-a-6eea5a,identify-regtest,a,mesh,2026-09-08T00:02:56.355717+00:00,2026-09-08T00:02:59.350326+00:00,2.9934599999996863,0,20260908T000256-355717Z-a-6eea5a.sh,20260908T000256-355717Z-a-6eea5a.stdout.txt,20260908T000256-355717Z-a-6eea5a.stderr.txt
20260908T000259-351303Z-b-19142c,identify-regtest,b,mesh,2026-09-08T00:02:59.352279+00:00,2026-09-08T00:02:59.900274+00:00,0.547715300001073,0,20260908T000259-351303Z-b-19142c.sh,20260908T000259-351303Z-b-19142c.stdout.txt,20260908T000259-351303Z-b-19142c.stderr.txt
20260908T000259-901790Z-c-9c920b,identify-regtest,c,mesh,2026-09-08T00:02:59.901790+00:00,2026-09-08T00:03:00.454697+00:00,0.5523143999998865,0,20260908T000259-901790Z-c-9c920b.sh,20260908T000259-901790Z-c-9c920b.stdout.txt,20260908T000259-901790Z-c-9c920b.stderr.txt
20260908T000300-455671Z-a-0bcbb2,getblockchaininfo,a,mesh,2026-09-08T00:03:00.456647+00:00,2026-09-08T00:03:00.725316+00:00,0.26826400000027206,0,20260908T000300-455671Z-a-0bcbb2.sh,20260908T000300-455671Z-a-0bcbb2.stdout.txt,20260908T000300-455671Z-a-0bcbb2.stderr.txt
20260908T000300-727271Z-b-68d389,boot-id-before,b,mesh,2026-09-08T00:03:00.728247+00:00,2026-09-08T00:03:01.147193+00:00,0.41895680000016,0,20260908T000300-727271Z-b-68d389.sh,20260908T000300-727271Z-b-68d389.stdout.txt,20260908T000300-727271Z-b-68d389.stderr.txt
20260908T000301-150121Z-b-d95e79,schedule-reboot,b,mesh,2026-09-08T00:03:01.150121+00:00,2026-09-08T00:03:01.595675+00:00,0.44485010000062175,0,20260908T000301-150121Z-b-d95e79.sh,20260908T000301-150121Z-b-d95e79.stdout.txt,20260908T000301-150121Z-b-d95e79.stderr.txt
20260908T000313-598821Z-b-eb5c7a,reboot-recovery-probe,b,mesh,2026-09-08T00:03:13.598821+00:00,2026-09-08T00:03:21.628766+00:00,8.02939619999961,255,20260908T000313-598821Z-b-eb5c7a.sh,20260908T000313-598821Z-b-eb5c7a.stdout.txt,20260908T000313-598821Z-b-eb5c7a.stderr.txt
20260908T000326-631170Z-b-023299,reboot-recovery-probe,b,mesh,2026-09-08T00:03:26.631170+00:00,2026-09-08T00:03:34.660234+00:00,8.028119399999923,255,20260908T000326-631170Z-b-023299.sh,20260908T000326-631170Z-b-023299.stdout.txt,20260908T000326-631170Z-b-023299.stderr.txt
20260908T000339-662371Z-b-f5044f,reboot-recovery-probe,b,mesh,2026-09-08T00:03:39.662371+00:00,2026-09-08T00:03:47.691115+00:00,8.028164699999252,255,20260908T000339-662371Z-b-f5044f.sh,20260908T000339-662371Z-b-f5044f.stdout.txt,20260908T000339-662371Z-b-f5044f.stderr.txt
20260908T000350-628770Z-a-e70e89,reboot-network-diagnosis,a,mesh,2026-09-08T00:03:50.629744+00:00,2026-09-08T00:03:56.617441+00:00,5.986862400000973,1,20260908T000350-628770Z-a-e70e89.sh,20260908T000350-628770Z-a-e70e89.stdout.txt,20260908T000350-628770Z-a-e70e89.stderr.txt
20260908T000352-694883Z-b-636922,reboot-recovery-probe,b,mesh,2026-09-08T00:03:52.694883+00:00,2026-09-08T00:04:00.723939+00:00,8.027664700000969,255,20260908T000352-694883Z-b-636922.sh,20260908T000352-694883Z-b-636922.stdout.txt,20260908T000352-694883Z-b-636922.stderr.txt
20260908T000405-725901Z-b-9d3e94,reboot-recovery-probe,b,mesh,2026-09-08T00:04:05.725901+00:00,2026-09-08T00:04:13.753822+00:00,8.02724539999872,255,20260908T000405-725901Z-b-9d3e94.sh,20260908T000405-725901Z-b-9d3e94.stdout.txt,20260908T000405-725901Z-b-9d3e94.stderr.txt
20260908T000414-011892Z-a-4ad3ae,reboot-clear-neighbor-cache,a,mesh,2026-09-08T00:04:14.012867+00:00,2026-09-08T00:04:16.332069+00:00,2.3190764999999374,0,20260908T000414-011892Z-a-4ad3ae.sh,20260908T000414-011892Z-a-4ad3ae.stdout.txt,20260908T000414-011892Z-a-4ad3ae.stderr.txt
20260908T000418-755981Z-b-d5f1db,reboot-recovery-probe,b,mesh,2026-09-08T00:04:18.755981+00:00,2026-09-08T00:04:22.610709+00:00,3.8535069999998086,0,20260908T000418-755981Z-b-d5f1db.sh,20260908T000418-755981Z-b-d5f1db.stdout.txt,20260908T000418-755981Z-b-d5f1db.stderr.txt
20260908T000422-611685Z-a-9dfe6e,getblockcount,a,mesh,2026-09-08T00:04:22.612664+00:00,2026-09-08T00:04:22.910771+00:00,0.2979115999987698,0,20260908T000422-611685Z-a-9dfe6e.sh,20260908T000422-611685Z-a-9dfe6e.stdout.txt,20260908T000422-611685Z-a-9dfe6e.stderr.txt
20260908T000422-911750Z-a-ca6669,wait-chain-sync,a,mesh,2026-09-08T00:04:22.912724+00:00,2026-09-08T00:04:23.206697+00:00,0.293955700000879,0,20260908T000422-911750Z-a-ca6669.sh,20260908T000422-911750Z-a-ca6669.stdout.txt,20260908T000422-911750Z-a-ca6669.stderr.txt
20260908T000423-208650Z-b-e875f0,wait-chain-sync,b,mesh,2026-09-08T00:04:23.208650+00:00,2026-09-08T00:04:23.690282+00:00,0.48133620000044175,0,20260908T000423-208650Z-b-e875f0.sh,20260908T000423-208650Z-b-e875f0.stdout.txt,20260908T000423-208650Z-b-e875f0.stderr.txt
20260908T000423-692238Z-c-7e124b,wait-chain-sync,c,mesh,2026-09-08T00:04:23.692238+00:00,2026-09-08T00:04:24.205463+00:00,0.5121837999995478,0,20260908T000423-692238Z-c-7e124b.sh,20260908T000423-692238Z-c-7e124b.stdout.txt,20260908T000423-692238Z-c-7e124b.stderr.txt
20260908T000424-207416Z-a-fe810a,wait-active-a-b,a,mesh,2026-09-08T00:04:24.207416+00:00,2026-09-08T00:04:24.513087+00:00,0.3047614999995858,0,20260908T000424-207416Z-a-fe810a.sh,20260908T000424-207416Z-a-fe810a.stdout.txt,20260908T000424-207416Z-a-fe810a.stderr.txt
20260908T000424-514063Z-a-ecaef7,wait-active-a-c,a,mesh,2026-09-08T00:04:24.515039+00:00,2026-09-08T00:04:24.810942+00:00,0.2955134000003454,0,20260908T000424-514063Z-a-ecaef7.sh,20260908T000424-514063Z-a-ecaef7.stdout.txt,20260908T000424-514063Z-a-ecaef7.stderr.txt
20260908T000424-812893Z-b-ed720a,wait-active-b-c,b,mesh,2026-09-08T00:04:24.812893+00:00,2026-09-08T00:04:25.328834+00:00,0.514995399998952,0,20260908T000424-812893Z-b-ed720a.sh,20260908T000424-812893Z-b-ed720a.stdout.txt,20260908T000424-812893Z-b-ed720a.stderr.txt
20260908T000427-331034Z-b-3d415c,wait-active-b-c,b,mesh,2026-09-08T00:04:27.331034+00:00,2026-09-08T00:04:27.869211+00:00,0.5371893999999884,0,20260908T000427-331034Z-b-3d415c.sh,20260908T000427-331034Z-b-3d415c.stdout.txt,20260908T000427-331034Z-b-3d415c.stderr.txt
20260908T000429-877556Z-b-182f29,wait-active-b-c,b,mesh,2026-09-08T00:04:29.877556+00:00,2026-09-08T00:04:33.036424+00:00,3.1584204000009777,0,20260908T000429-877556Z-b-182f29.sh,20260908T000429-877556Z-b-182f29.stdout.txt,20260908T000429-877556Z-b-182f29.stderr.txt
20260908T000435-039114Z-b-c1ce42,wait-active-b-c,b,mesh,2026-09-08T00:04:35.039114+00:00,2026-09-08T00:04:35.530238+00:00,0.49003650000122434,0,20260908T000435-039114Z-b-c1ce42.sh,20260908T000435-039114Z-b-c1ce42.stdout.txt,20260908T000435-039114Z-b-c1ce42.stderr.txt
20260908T000435-533164Z-b-4f7a0e,isolation-after-reboot,b,mesh,2026-09-08T00:04:35.533164+00:00,2026-09-08T00:04:35.974639+00:00,0.44096600000011676,0,20260908T000435-533164Z-b-4f7a0e.sh,20260908T000435-533164Z-b-4f7a0e.stdout.txt,20260908T000435-533164Z-b-4f7a0e.stderr.txt
20260908T000435-976594Z-c-353656,isolation-after-reboot,c,mesh,2026-09-08T00:04:35.976594+00:00,2026-09-08T00:04:36.447267+00:00,0.4696595999994315,0,20260908T000435-976594Z-c-353656.sh,20260908T000435-976594Z-c-353656.stdout.txt,20260908T000435-976594Z-c-353656.stderr.txt
20260908T000436-452147Z-c-304961,boot-id-before,c,mesh,2026-09-08T00:04:36.453123+00:00,2026-09-08T00:04:36.921937+00:00,0.4683086999993975,0,20260908T000436-452147Z-c-304961.sh,20260908T000436-452147Z-c-304961.stdout.txt,20260908T000436-452147Z-c-304961.stderr.txt
20260908T000436-922912Z-c-e231a3,schedule-reboot,c,mesh,2026-09-08T00:04:36.930723+00:00,2026-09-08T00:04:37.398813+00:00,0.46717569999964326,0,20260908T000436-922912Z-c-e231a3.sh,20260908T000436-922912Z-c-e231a3.stdout.txt,20260908T000436-922912Z-c-e231a3.stderr.txt
20260908T000521-635227Z-a-a65d68,second-reboot-clear-neighbor-cache,a,mesh,2026-09-08T00:05:21.636200+00:00,2026-09-08T00:05:28.662424+00:00,7.025884299999234,0,20260908T000521-635227Z-a-a65d68.sh,20260908T000521-635227Z-a-a65d68.stdout.txt,20260908T000521-635227Z-a-a65d68.stderr.txt
20260908T000538-925340Z-a-beb998,second-reboot-translation-diagnosis,a,mesh,2026-09-08T00:05:38.926319+00:00,2026-09-08T00:05:41.898153+00:00,2.9712384000013117,0,20260908T000538-925340Z-a-beb998.sh,20260908T000538-925340Z-a-beb998.stdout.txt,20260908T000538-925340Z-a-beb998.stderr.txt
20260908T000554-815098Z-a-76a1aa,second-reboot-correct-current-neighbor,a,mesh,2026-09-08T00:05:54.816080+00:00,2026-09-08T00:05:58.775773+00:00,3.95917339999869,0,20260908T000554-815098Z-a-76a1aa.sh,20260908T000554-815098Z-a-76a1aa.stdout.txt,20260908T000554-815098Z-a-76a1aa.stderr.txt
20260908T000558-777724Z-b-ce8dbe,second-reboot-correct-leaf-neighbor,b,mesh,2026-09-08T00:05:58.777724+00:00,2026-09-08T00:05:59.240528+00:00,0.46211789999870234,0,20260908T000558-777724Z-b-ce8dbe.sh,20260908T000558-777724Z-b-ce8dbe.stdout.txt,20260908T000558-777724Z-b-ce8dbe.stderr.txt
20260908T000559-700572Z-a-3c19bf,persist-mesh-mac,a,mesh,2026-09-08T00:05:59.701549+00:00,2026-09-08T00:05:59.993773+00:00,0.2912793999985297,0,20260908T000559-700572Z-a-3c19bf.sh,20260908T000559-700572Z-a-3c19bf.stdout.txt,20260908T000559-700572Z-a-3c19bf.stderr.txt
20260908T000559-700572Z-b-0bb87f,persist-mesh-mac,b,mesh,2026-09-08T00:05:59.702525+00:00,2026-09-08T00:06:00.149130+00:00,0.445986400000038,0,20260908T000559-700572Z-b-0bb87f.sh,20260908T000559-700572Z-b-0bb87f.stdout.txt,20260908T000559-700572Z-b-0bb87f.stderr.txt
20260908T000559-701549Z-c-a310db,persist-mesh-mac,c,mesh,2026-09-08T00:05:59.702525+00:00,2026-09-08T00:06:00.295605+00:00,0.591974000000846,0,20260908T000559-701549Z-c-a310db.sh,20260908T000559-701549Z-c-a310db.stdout.txt,20260908T000559-701549Z-c-a310db.stderr.txt
20260908T000626-935905Z-a-13e65e,identify-regtest,a,mesh,2026-09-08T00:06:26.935905+00:00,2026-09-08T00:06:29.925808+00:00,2.9891389999993407,0,20260908T000626-935905Z-a-13e65e.sh,20260908T000626-935905Z-a-13e65e.stdout.txt,20260908T000626-935905Z-a-13e65e.stderr.txt
20260908T000629-926788Z-b-1ac4a5,identify-regtest,b,mesh,2026-09-08T00:06:29.927765+00:00,2026-09-08T00:06:30.483230+00:00,0.5555581000007805,0,20260908T000629-926788Z-b-1ac4a5.sh,20260908T000629-926788Z-b-1ac4a5.stdout.txt,20260908T000629-926788Z-b-1ac4a5.stderr.txt
20260908T000630-485185Z-c-24bfe9,identify-regtest,c,mesh,2026-09-08T00:06:30.485185+00:00,2026-09-08T00:06:31.618030+00:00,1.1329160000004777,0,20260908T000630-485185Z-c-24bfe9.sh,20260908T000630-485185Z-c-24bfe9.stdout.txt,20260908T000630-485185Z-c-24bfe9.stderr.txt
20260908T000631-619987Z-a-4b694c,getblockchaininfo,a,mesh,2026-09-08T00:06:31.619987+00:00,2026-09-08T00:06:31.874954+00:00,0.2547940999993443,0,20260908T000631-619987Z-a-4b694c.sh,20260908T000631-619987Z-a-4b694c.stdout.txt,20260908T000631-619987Z-a-4b694c.stderr.txt
20260908T000631-876910Z-b-4c6a76,boot-id-before,b,mesh,2026-09-08T00:06:31.876910+00:00,2026-09-08T00:06:32.312352+00:00,0.4352228000007017,0,20260908T000631-876910Z-b-4c6a76.sh,20260908T000631-876910Z-b-4c6a76.stdout.txt,20260908T000631-876910Z-b-4c6a76.stderr.txt
20260908T000632-313330Z-b-202950,mesh-mac-before-reboot,b,mesh,2026-09-08T00:06:32.314310+00:00,2026-09-08T00:06:32.767455+00:00,0.45340179999948305,0,20260908T000632-313330Z-b-202950.sh,20260908T000632-313330Z-b-202950.stdout.txt,20260908T000632-313330Z-b-202950.stderr.txt
20260908T000632-769405Z-b-491a8e,schedule-reboot,b,mesh,2026-09-08T00:06:32.769405+00:00,2026-09-08T00:06:33.208938+00:00,0.4388226000010036,0,20260908T000632-769405Z-b-491a8e.sh,20260908T000632-769405Z-b-491a8e.stdout.txt,20260908T000632-769405Z-b-491a8e.stderr.txt
20260908T000645-210748Z-b-727df1,reboot-recovery-probe,b,mesh,2026-09-08T00:06:45.210748+00:00,2026-09-08T00:06:48.231725+00:00,3.0205853000006755,4294967295,20260908T000645-210748Z-b-727df1.sh,20260908T000645-210748Z-b-727df1.stdout.txt,20260908T000645-210748Z-b-727df1.stderr.txt
20260908T000653-234253Z-b-6bd10d,reboot-recovery-probe,b,mesh,2026-09-08T00:06:53.234253+00:00,2026-09-08T00:07:01.269990+00:00,8.03479150000021,255,20260908T000653-234253Z-b-6bd10d.sh,20260908T000653-234253Z-b-6bd10d.stdout.txt,20260908T000653-234253Z-b-6bd10d.stderr.txt
20260908T000706-272160Z-b-d8a449,reboot-recovery-probe,b,mesh,2026-09-08T00:07:06.272160+00:00,2026-09-08T00:07:14.300815+00:00,8.02765140000156,255,20260908T000706-272160Z-b-d8a449.sh,20260908T000706-272160Z-b-d8a449.stdout.txt,20260908T000706-272160Z-b-d8a449.stderr.txt
20260908T000719-302702Z-b-b10194,reboot-recovery-probe,b,mesh,2026-09-08T00:07:19.302702+00:00,2026-09-08T00:07:27.332242+00:00,8.028684500000963,255,20260908T000719-302702Z-b-b10194.sh,20260908T000719-302702Z-b-b10194.stdout.txt,20260908T000719-302702Z-b-b10194.stderr.txt
20260908T000732-334281Z-b-7a0bbe,reboot-recovery-probe,b,mesh,2026-09-08T00:07:32.334281+00:00,2026-09-08T00:07:38.156601+00:00,5.821612100000493,0,20260908T000732-334281Z-b-7a0bbe.sh,20260908T000732-334281Z-b-7a0bbe.stdout.txt,20260908T000732-334281Z-b-7a0bbe.stderr.txt
20260908T000738-157578Z-a-9d3e20,getblockcount,a,mesh,2026-09-08T00:07:38.158554+00:00,2026-09-08T00:07:38.445645+00:00,0.2867372000000614,0,20260908T000738-157578Z-a-9d3e20.sh,20260908T000738-157578Z-a-9d3e20.stdout.txt,20260908T000738-157578Z-a-9d3e20.stderr.txt
20260908T000738-446622Z-a-3a768e,wait-chain-sync,a,mesh,2026-09-08T00:07:38.447598+00:00,2026-09-08T00:07:38.743627+00:00,0.29629380000005767,0,20260908T000738-446622Z-a-3a768e.sh,20260908T000738-446622Z-a-3a768e.stdout.txt,20260908T000738-446622Z-a-3a768e.stderr.txt
20260908T000738-744604Z-b-76d591,wait-chain-sync,b,mesh,2026-09-08T00:07:38.745582+00:00,2026-09-08T00:07:39.206512+00:00,0.4602316000000428,0,20260908T000738-744604Z-b-76d591.sh,20260908T000738-744604Z-b-76d591.stdout.txt,20260908T000738-744604Z-b-76d591.stderr.txt
20260908T000739-207491Z-c-71323e,wait-chain-sync,c,mesh,2026-09-08T00:07:39.207491+00:00,2026-09-08T00:07:39.759347+00:00,0.5513674999983778,0,20260908T000739-207491Z-c-71323e.sh,20260908T000739-207491Z-c-71323e.stdout.txt,20260908T000739-207491Z-c-71323e.stderr.txt
20260908T000739-760323Z-a-ecdf4e,wait-active-a-b,a,mesh,2026-09-08T00:07:39.761303+00:00,2026-09-08T00:07:40.050595+00:00,0.28854150000006484,0,20260908T000739-760323Z-a-ecdf4e.sh,20260908T000739-760323Z-a-ecdf4e.stdout.txt,20260908T000739-760323Z-a-ecdf4e.stderr.txt
20260908T000742-052402Z-a-0fed71,wait-active-a-b,a,mesh,2026-09-08T00:07:42.052402+00:00,2026-09-08T00:07:42.346906+00:00,0.29322859999956563,0,20260908T000742-052402Z-a-0fed71.sh,20260908T000742-052402Z-a-0fed71.stdout.txt,20260908T000742-052402Z-a-0fed71.stderr.txt
20260908T000744-348268Z-a-da6e7a,wait-active-a-b,a,mesh,2026-09-08T00:07:44.348268+00:00,2026-09-08T00:07:47.345569+00:00,2.9963797999989765,0,20260908T000744-348268Z-a-da6e7a.sh,20260908T000744-348268Z-a-da6e7a.stdout.txt,20260908T000744-348268Z-a-da6e7a.stderr.txt
20260908T000747-346546Z-a-9a8d41,wait-active-a-c,a,mesh,2026-09-08T00:07:47.347526+00:00,2026-09-08T00:07:47.642437+00:00,0.29451130000052217,0,20260908T000747-346546Z-a-9a8d41.sh,20260908T000747-346546Z-a-9a8d41.stdout.txt,20260908T000747-346546Z-a-9a8d41.stderr.txt
20260908T000747-643416Z-b-43686c,wait-active-b-c,b,mesh,2026-09-08T00:07:47.644391+00:00,2026-09-08T00:07:48.153854+00:00,0.5092450000011013,0,20260908T000747-643416Z-b-43686c.sh,20260908T000747-643416Z-b-43686c.stdout.txt,20260908T000747-643416Z-b-43686c.stderr.txt
20260908T000750-155587Z-b-adc50e,wait-active-b-c,b,mesh,2026-09-08T00:07:50.155587+00:00,2026-09-08T00:07:50.661421+00:00,0.5054581999993388,0,20260908T000750-155587Z-b-adc50e.sh,20260908T000750-155587Z-b-adc50e.stdout.txt,20260908T000750-155587Z-b-adc50e.stderr.txt
20260908T000750-663373Z-b-fc97d1,isolation-after-reboot,b,mesh,2026-09-08T00:07:50.663373+00:00,2026-09-08T00:07:51.109175+00:00,0.4451110999998491,0,20260908T000750-663373Z-b-fc97d1.sh,20260908T000750-663373Z-b-fc97d1.stdout.txt,20260908T000750-663373Z-b-fc97d1.stderr.txt
20260908T000751-110149Z-c-dba61b,isolation-after-reboot,c,mesh,2026-09-08T00:07:51.110149+00:00,2026-09-08T00:07:51.579888+00:00,0.46858220000103756,0,20260908T000751-110149Z-c-dba61b.sh,20260908T000751-110149Z-c-dba61b.stdout.txt,20260908T000751-110149Z-c-dba61b.stderr.txt
20260908T000751-580866Z-b-e78574,mesh-mac-after-reboot,b,mesh,2026-09-08T00:07:51.580866+00:00,2026-09-08T00:07:51.988634+00:00,0.40722960000130115,0,20260908T000751-580866Z-b-e78574.sh,20260908T000751-580866Z-b-e78574.stdout.txt,20260908T000751-580866Z-b-e78574.stderr.txt
20260908T000751-989611Z-c-6c0f39,boot-id-before,c,mesh,2026-09-08T00:07:51.990585+00:00,2026-09-08T00:07:52.437472+00:00,0.44667479999952775,0,20260908T000751-989611Z-c-6c0f39.sh,20260908T000751-989611Z-c-6c0f39.stdout.txt,20260908T000751-989611Z-c-6c0f39.stderr.txt
20260908T000752-438449Z-c-2038a7,mesh-mac-before-reboot,c,mesh,2026-09-08T00:07:52.438449+00:00,2026-09-08T00:07:52.908314+00:00,0.4688729000008607,0,20260908T000752-438449Z-c-2038a7.sh,20260908T000752-438449Z-c-2038a7.stdout.txt,20260908T000752-438449Z-c-2038a7.stderr.txt
20260908T000752-909287Z-c-d1176a,schedule-reboot,c,mesh,2026-09-08T00:07:52.910264+00:00,2026-09-08T00:07:53.352634+00:00,0.4420444999996107,0,20260908T000752-909287Z-c-d1176a.sh,20260908T000752-909287Z-c-d1176a.stdout.txt,20260908T000752-909287Z-c-d1176a.stderr.txt
20260908T000805-354091Z-c-f94df8,reboot-recovery-probe,c,mesh,2026-09-08T00:08:05.354091+00:00,2026-09-08T00:08:08.361756+00:00,3.0063117999998212,4294967295,20260908T000805-354091Z-c-f94df8.sh,20260908T000805-354091Z-c-f94df8.stdout.txt,20260908T000805-354091Z-c-f94df8.stderr.txt
20260908T000813-363272Z-c-23123b,reboot-recovery-probe,c,mesh,2026-09-08T00:08:13.363272+00:00,2026-09-08T00:08:21.394515+00:00,8.03045750000092,255,20260908T000813-363272Z-c-23123b.sh,20260908T000813-363272Z-c-23123b.stdout.txt,20260908T000813-363272Z-c-23123b.stderr.txt
20260908T000826-396677Z-c-65f232,reboot-recovery-probe,c,mesh,2026-09-08T00:08:26.396677+00:00,2026-09-08T00:08:34.425711+00:00,8.028068800000256,255,20260908T000826-396677Z-c-65f232.sh,20260908T000826-396677Z-c-65f232.stdout.txt,20260908T000826-396677Z-c-65f232.stderr.txt
20260908T000839-427549Z-c-01908a,reboot-recovery-probe,c,mesh,2026-09-08T00:08:39.427549+00:00,2026-09-08T00:08:47.457316+00:00,8.028753900000083,255,20260908T000839-427549Z-c-01908a.sh,20260908T000839-427549Z-c-01908a.stdout.txt,20260908T000839-427549Z-c-01908a.stderr.txt
20260908T000852-459098Z-c-5c3c04,reboot-recovery-probe,c,mesh,2026-09-08T00:08:52.459098+00:00,2026-09-08T00:08:57.359780+00:00,4.899859499999366,0,20260908T000852-459098Z-c-5c3c04.sh,20260908T000852-459098Z-c-5c3c04.stdout.txt,20260908T000852-459098Z-c-5c3c04.stderr.txt
20260908T000857-360755Z-a-a63981,getblockcount,a,mesh,2026-09-08T00:08:57.361731+00:00,2026-09-08T00:08:57.655761+00:00,0.2937031000001298,0,20260908T000857-360755Z-a-a63981.sh,20260908T000857-360755Z-a-a63981.stdout.txt,20260908T000857-360755Z-a-a63981.stderr.txt
20260908T000857-656743Z-a-ad68c3,wait-chain-sync,a,mesh,2026-09-08T00:08:57.657715+00:00,2026-09-08T00:08:57.955158+00:00,0.29680069999994885,0,20260908T000857-656743Z-a-ad68c3.sh,20260908T000857-656743Z-a-ad68c3.stdout.txt,20260908T000857-656743Z-a-ad68c3.stderr.txt
20260908T000857-956139Z-b-7a8d90,wait-chain-sync,b,mesh,2026-09-08T00:08:57.958088+00:00,2026-09-08T00:08:58.494340+00:00,0.5359351000006427,0,20260908T000857-956139Z-b-7a8d90.sh,20260908T000857-956139Z-b-7a8d90.stdout.txt,20260908T000857-956139Z-b-7a8d90.stderr.txt
20260908T000858-495317Z-c-249680,wait-chain-sync,c,mesh,2026-09-08T00:08:58.499222+00:00,2026-09-08T00:08:58.993249+00:00,0.49328699999932724,0,20260908T000858-495317Z-c-249680.sh,20260908T000858-495317Z-c-249680.stdout.txt,20260908T000858-495317Z-c-249680.stderr.txt
20260908T000858-994223Z-a-385865,wait-active-a-b,a,mesh,2026-09-08T00:08:58.995202+00:00,2026-09-08T00:08:59.284264+00:00,0.2894721999982721,0,20260908T000858-994223Z-a-385865.sh,20260908T000858-994223Z-a-385865.stdout.txt,20260908T000858-994223Z-a-385865.stderr.txt
20260908T000859-287191Z-a-ffe3ba,wait-active-a-c,a,mesh,2026-09-08T00:08:59.287191+00:00,2026-09-08T00:08:59.580289+00:00,0.29262000000016997,0,20260908T000859-287191Z-a-ffe3ba.sh,20260908T000859-287191Z-a-ffe3ba.stdout.txt,20260908T000859-287191Z-a-ffe3ba.stderr.txt
20260908T000901-583940Z-a-56b938,wait-active-a-c,a,mesh,2026-09-08T00:09:01.583940+00:00,2026-09-08T00:09:01.876018+00:00,0.2914215000000695,0,20260908T000901-583940Z-a-56b938.sh,20260908T000901-583940Z-a-56b938.stdout.txt,20260908T000901-583940Z-a-56b938.stderr.txt
20260908T000903-879354Z-a-86c520,wait-active-a-c,a,mesh,2026-09-08T00:09:03.879354+00:00,2026-09-08T00:09:06.874601+00:00,2.9945886000004975,0,20260908T000903-879354Z-a-86c520.sh,20260908T000903-879354Z-a-86c520.stdout.txt,20260908T000903-879354Z-a-86c520.stderr.txt
20260908T000908-878334Z-a-e214ff,wait-active-a-c,a,mesh,2026-09-08T00:09:08.878334+00:00,2026-09-08T00:09:09.165445+00:00,0.2862612999997509,0,20260908T000908-878334Z-a-e214ff.sh,20260908T000908-878334Z-a-e214ff.stdout.txt,20260908T000908-878334Z-a-e214ff.stderr.txt
20260908T000911-167429Z-a-8a324c,wait-active-a-c,a,mesh,2026-09-08T00:09:11.167429+00:00,2026-09-08T00:09:11.461463+00:00,0.29302670000106446,0,20260908T000911-167429Z-a-8a324c.sh,20260908T000911-167429Z-a-8a324c.stdout.txt,20260908T000911-167429Z-a-8a324c.stderr.txt
20260908T000913-464038Z-a-96079f,wait-active-a-c,a,mesh,2026-09-08T00:09:13.464038+00:00,2026-09-08T00:09:16.469765+00:00,3.0046151999995345,0,20260908T000913-464038Z-a-96079f.sh,20260908T000913-464038Z-a-96079f.stdout.txt,20260908T000913-464038Z-a-96079f.stderr.txt
20260908T000918-471294Z-a-f00b6f,wait-active-a-c,a,mesh,2026-09-08T00:09:18.472278+00:00,2026-09-08T00:09:18.761470+00:00,0.2881789999992179,0,20260908T000918-471294Z-a-f00b6f.sh,20260908T000918-471294Z-a-f00b6f.stdout.txt,20260908T000918-471294Z-a-f00b6f.stderr.txt
20260908T000920-763247Z-a-d5dcf0,wait-active-a-c,a,mesh,2026-09-08T00:09:20.763247+00:00,2026-09-08T00:09:21.058264+00:00,0.2943902999995771,0,20260908T000920-763247Z-a-d5dcf0.sh,20260908T000920-763247Z-a-d5dcf0.stdout.txt,20260908T000920-763247Z-a-d5dcf0.stderr.txt
20260908T000921-061195Z-b-c08cce,wait-active-b-c,b,mesh,2026-09-08T00:09:21.061195+00:00,2026-09-08T00:09:21.598367+00:00,0.5371678000010434,0,20260908T000921-061195Z-b-c08cce.sh,20260908T000921-061195Z-b-c08cce.stdout.txt,20260908T000921-061195Z-b-c08cce.stderr.txt
20260908T000921-600320Z-b-4f4146,isolation-after-reboot,b,mesh,2026-09-08T00:09:21.601297+00:00,2026-09-08T00:09:22.059949+00:00,0.4579718999993929,0,20260908T000921-600320Z-b-4f4146.sh,20260908T000921-600320Z-b-4f4146.stdout.txt,20260908T000921-600320Z-b-4f4146.stderr.txt
20260908T000922-060931Z-c-d71dbd,isolation-after-reboot,c,mesh,2026-09-08T00:09:22.061906+00:00,2026-09-08T00:09:22.527431+00:00,0.4648847999997088,0,20260908T000922-060931Z-c-d71dbd.sh,20260908T000922-060931Z-c-d71dbd.stdout.txt,20260908T000922-060931Z-c-d71dbd.stderr.txt
20260908T000922-530364Z-c-2ddf9d,mesh-mac-after-reboot,c,mesh,2026-09-08T00:09:22.530364+00:00,2026-09-08T00:09:23.015510+00:00,0.48441189999903145,0,20260908T000922-530364Z-c-2ddf9d.sh,20260908T000922-530364Z-c-2ddf9d.stdout.txt,20260908T000922-530364Z-c-2ddf9d.stderr.txt
20260908T000923-017466Z-a-b2dba2,boot-id-before,a,mesh,2026-09-08T00:09:23.018444+00:00,2026-09-08T00:09:23.310417+00:00,0.29131429999870306,0,20260908T000923-017466Z-a-b2dba2.sh,20260908T000923-017466Z-a-b2dba2.stdout.txt,20260908T000923-017466Z-a-b2dba2.stderr.txt
20260908T000923-311390Z-a-a51cb3,mesh-mac-before-reboot,a,mesh,2026-09-08T00:09:23.311390+00:00,2026-09-08T00:09:26.232450+00:00,2.9204995000000054,0,20260908T000923-311390Z-a-a51cb3.sh,20260908T000923-311390Z-a-a51cb3.stdout.txt,20260908T000923-311390Z-a-a51cb3.stderr.txt
20260908T000926-233426Z-a-f32050,schedule-reboot,a,mesh,2026-09-08T00:09:26.236555+00:00,2026-09-08T00:09:26.500162+00:00,0.26378289999956905,0,20260908T000926-233426Z-a-f32050.sh,20260908T000926-233426Z-a-f32050.stdout.txt,20260908T000926-233426Z-a-f32050.stderr.txt
20260908T000938-502048Z-a-f899db,reboot-recovery-probe,a,mesh,2026-09-08T00:09:38.502048+00:00,2026-09-08T00:09:41.361526+00:00,2.8583048000000417,255,20260908T000938-502048Z-a-f899db.sh,20260908T000938-502048Z-a-f899db.stdout.txt,20260908T000938-502048Z-a-f899db.stderr.txt
20260908T000946-363642Z-a-5bbf2e,reboot-recovery-probe,a,mesh,2026-09-08T00:09:46.363642+00:00,2026-09-08T00:09:54.394743+00:00,8.03043340000113,255,20260908T000946-363642Z-a-5bbf2e.sh,20260908T000946-363642Z-a-5bbf2e.stdout.txt,20260908T000946-363642Z-a-5bbf2e.stderr.txt
20260908T000959-396695Z-a-044f5a,reboot-recovery-probe,a,mesh,2026-09-08T00:09:59.396695+00:00,2026-09-08T00:10:02.081426+00:00,2.683982400001696,255,20260908T000959-396695Z-a-044f5a.sh,20260908T000959-396695Z-a-044f5a.stdout.txt,20260908T000959-396695Z-a-044f5a.stderr.txt
20260908T001007-083663Z-a-883e6b,reboot-recovery-probe,a,mesh,2026-09-08T00:10:07.096361+00:00,2026-09-08T00:10:10.617877+00:00,3.5214636999990034,0,20260908T001007-083663Z-a-883e6b.sh,20260908T001007-083663Z-a-883e6b.stdout.txt,20260908T001007-083663Z-a-883e6b.stderr.txt
20260908T001010-624711Z-a-3bd066,getblockcount,a,mesh,2026-09-08T00:10:10.625687+00:00,2026-09-08T00:10:10.913987+00:00,0.28806769999937387,0,20260908T001010-624711Z-a-3bd066.sh,20260908T001010-624711Z-a-3bd066.stdout.txt,20260908T001010-624711Z-a-3bd066.stderr.txt
20260908T001010-920203Z-a-bc7251,wait-chain-sync,a,mesh,2026-09-08T00:10:10.921185+00:00,2026-09-08T00:10:11.224184+00:00,0.30297100000098,0,20260908T001010-920203Z-a-bc7251.sh,20260908T001010-920203Z-a-bc7251.stdout.txt,20260908T001010-920203Z-a-bc7251.stderr.txt
20260908T001011-225163Z-b-21fdbd,wait-chain-sync,b,mesh,2026-09-08T00:10:11.229067+00:00,2026-09-08T00:10:12.022867+00:00,0.7934206999998423,255,20260908T001011-225163Z-b-21fdbd.sh,20260908T001011-225163Z-b-21fdbd.stdout.txt,20260908T001011-225163Z-b-21fdbd.stderr.txt
20260908T001047-761132Z-a-fa6a26,identify-regtest,a,mesh,2026-09-08T00:10:47.761132+00:00,2026-09-08T00:10:50.736965+00:00,2.97520540000005,0,20260908T001047-761132Z-a-fa6a26.sh,20260908T001047-761132Z-a-fa6a26.stdout.txt,20260908T001047-761132Z-a-fa6a26.stderr.txt
20260908T001050-737941Z-b-8175b2,identify-regtest,b,mesh,2026-09-08T00:10:50.738922+00:00,2026-09-08T00:10:51.221786+00:00,0.48220840000067255,0,20260908T001050-737941Z-b-8175b2.sh,20260908T001050-737941Z-b-8175b2.stdout.txt,20260908T001050-737941Z-b-8175b2.stderr.txt
20260908T001051-225688Z-c-0d4fc5,identify-regtest,c,mesh,2026-09-08T00:10:51.228620+00:00,2026-09-08T00:10:51.794171+00:00,0.5647480000006908,0,20260908T001051-225688Z-c-0d4fc5.sh,20260908T001051-225688Z-c-0d4fc5.stdout.txt,20260908T001051-225688Z-c-0d4fc5.stderr.txt
20260908T001051-795145Z-a-52eef7,getblockchaininfo,a,mesh,2026-09-08T00:10:51.796125+00:00,2026-09-08T00:10:52.056949+00:00,0.26031699999839475,0,20260908T001051-795145Z-a-52eef7.sh,20260908T001051-795145Z-a-52eef7.stdout.txt,20260908T001051-795145Z-a-52eef7.stderr.txt
20260908T001052-057934Z-a-f98501,boot-id-before,a,mesh,2026-09-08T00:10:52.058904+00:00,2026-09-08T00:10:52.317871+00:00,0.2577949999995326,0,20260908T001052-057934Z-a-f98501.sh,20260908T001052-057934Z-a-f98501.stdout.txt,20260908T001052-057934Z-a-f98501.stderr.txt
20260908T001052-318846Z-a-5263b7,mesh-mac-before-reboot,a,mesh,2026-09-08T00:10:52.320798+00:00,2026-09-08T00:10:52.583632+00:00,0.2623409999996511,0,20260908T001052-318846Z-a-5263b7.sh,20260908T001052-318846Z-a-5263b7.stdout.txt,20260908T001052-318846Z-a-5263b7.stderr.txt
20260908T001052-586562Z-a-e98e4a,schedule-reboot,a,mesh,2026-09-08T00:10:52.586562+00:00,2026-09-08T00:10:52.853172+00:00,0.26608630000009725,0,20260908T001052-586562Z-a-e98e4a.sh,20260908T001052-586562Z-a-e98e4a.stdout.txt,20260908T001052-586562Z-a-e98e4a.stderr.txt
20260908T001104-855891Z-a-a387aa,reboot-recovery-probe,a,mesh,2026-09-08T00:11:04.855891+00:00,2026-09-08T00:11:07.690081+00:00,2.8335377000003064,255,20260908T001104-855891Z-a-a387aa.sh,20260908T001104-855891Z-a-a387aa.stdout.txt,20260908T001104-855891Z-a-a387aa.stderr.txt
20260908T001112-692292Z-a-74e3cd,reboot-recovery-probe,a,mesh,2026-09-08T00:11:12.692292+00:00,2026-09-08T00:11:20.723071+00:00,8.030354800001078,255,20260908T001112-692292Z-a-74e3cd.sh,20260908T001112-692292Z-a-74e3cd.stdout.txt,20260908T001112-692292Z-a-74e3cd.stderr.txt
20260908T001125-725208Z-a-de692f,reboot-recovery-probe,a,mesh,2026-09-08T00:11:25.725208+00:00,2026-09-08T00:11:28.406512+00:00,2.6804666000007273,255,20260908T001125-725208Z-a-de692f.sh,20260908T001125-725208Z-a-de692f.stdout.txt,20260908T001125-725208Z-a-de692f.stderr.txt
20260908T001133-408368Z-a-496540,reboot-recovery-probe,a,mesh,2026-09-08T00:11:33.408368+00:00,2026-09-08T00:11:37.126219+00:00,3.7175968999999895,0,20260908T001133-408368Z-a-496540.sh,20260908T001133-408368Z-a-496540.stdout.txt,20260908T001133-408368Z-a-496540.stderr.txt
20260908T001137-128177Z-a-11291c,post-reboot-path-ready,a,mesh,2026-09-08T00:11:37.130126+00:00,2026-09-08T00:11:37.440757+00:00,0.31030310000096506,0,20260908T001137-128177Z-a-11291c.sh,20260908T001137-128177Z-a-11291c.stdout.txt,20260908T001137-128177Z-a-11291c.stderr.txt
20260908T001137-441734Z-b-8c5c34,post-reboot-path-ready,b,mesh,2026-09-08T00:11:37.441734+00:00,2026-09-08T00:11:39.495240+00:00,2.0527443999999377,255,20260908T001137-441734Z-b-8c5c34.sh,20260908T001137-441734Z-b-8c5c34.stdout.txt,20260908T001137-441734Z-b-8c5c34.stderr.txt
20260908T001144-497110Z-b-a626ae,post-reboot-path-ready,b,mesh,2026-09-08T00:11:44.497110+00:00,2026-09-08T00:11:50.375817+00:00,5.8780533999997715,255,20260908T001144-497110Z-b-a626ae.sh,20260908T001144-497110Z-b-a626ae.stdout.txt,20260908T001144-497110Z-b-a626ae.stderr.txt
20260908T001155-377638Z-b-46471c,post-reboot-path-ready,b,mesh,2026-09-08T00:11:55.377638+00:00,2026-09-08T00:11:58.556786+00:00,3.178370499999801,0,20260908T001155-377638Z-b-46471c.sh,20260908T001155-377638Z-b-46471c.stdout.txt,20260908T001155-377638Z-b-46471c.stderr.txt
20260908T001158-559712Z-c-14353b,post-reboot-path-ready,c,mesh,2026-09-08T00:11:58.559712+00:00,2026-09-08T00:11:59.082484+00:00,0.5221861999998509,0,20260908T001158-559712Z-c-14353b.sh,20260908T001158-559712Z-c-14353b.stdout.txt,20260908T001158-559712Z-c-14353b.stderr.txt
20260908T001159-084436Z-a-2f8320,getblockcount,a,mesh,2026-09-08T00:11:59.085414+00:00,2026-09-08T00:11:59.365787+00:00,0.2801168999994843,0,20260908T001159-084436Z-a-2f8320.sh,20260908T001159-084436Z-a-2f8320.stdout.txt,20260908T001159-084436Z-a-2f8320.stderr.txt
20260908T001159-367741Z-a-551cd1,wait-chain-sync,a,mesh,2026-09-08T00:11:59.368720+00:00,2026-09-08T00:11:59.668614+00:00,0.2991997999997693,0,20260908T001159-367741Z-a-551cd1.sh,20260908T001159-367741Z-a-551cd1.stdout.txt,20260908T001159-367741Z-a-551cd1.stderr.txt
20260908T001159-670566Z-b-6eeb51,wait-chain-sync,b,mesh,2026-09-08T00:11:59.671546+00:00,2026-09-08T00:12:00.128917+00:00,0.457277299999987,0,20260908T001159-670566Z-b-6eeb51.sh,20260908T001159-670566Z-b-6eeb51.stdout.txt,20260908T001159-670566Z-b-6eeb51.stderr.txt
20260908T001200-129897Z-c-c2c599,wait-chain-sync,c,mesh,2026-09-08T00:12:00.130870+00:00,2026-09-08T00:12:00.631941+00:00,0.5012028999990434,0,20260908T001200-129897Z-c-c2c599.sh,20260908T001200-129897Z-c-c2c599.stdout.txt,20260908T001200-129897Z-c-c2c599.stderr.txt
20260908T001200-632915Z-a-8f881d,wait-active-a-b,a,mesh,2026-09-08T00:12:00.633895+00:00,2026-09-08T00:12:00.935648+00:00,0.30120699999861245,0,20260908T001200-632915Z-a-8f881d.sh,20260908T001200-632915Z-a-8f881d.stdout.txt,20260908T001200-632915Z-a-8f881d.stderr.txt
20260908T001200-937600Z-a-2b9f20,wait-active-a-c,a,mesh,2026-09-08T00:12:00.938576+00:00,2026-09-08T00:12:01.236548+00:00,0.2978882999996131,0,20260908T001200-937600Z-a-2b9f20.sh,20260908T001200-937600Z-a-2b9f20.stdout.txt,20260908T001200-937600Z-a-2b9f20.stderr.txt
20260908T001203-240106Z-a-541390,wait-active-a-c,a,mesh,2026-09-08T00:12:03.240106+00:00,2026-09-08T00:12:03.537943+00:00,0.2976785999999265,0,20260908T001203-240106Z-a-541390.sh,20260908T001203-240106Z-a-541390.stdout.txt,20260908T001203-240106Z-a-541390.stderr.txt
20260908T001205-540421Z-a-3a8d37,wait-active-a-c,a,mesh,2026-09-08T00:12:05.541403+00:00,2026-09-08T00:12:08.502817+00:00,2.9612087000004976,0,20260908T001205-540421Z-a-3a8d37.sh,20260908T001205-540421Z-a-3a8d37.stdout.txt,20260908T001205-540421Z-a-3a8d37.stderr.txt
20260908T001208-503797Z-b-fe57c9,wait-active-b-c,b,mesh,2026-09-08T00:12:08.505745+00:00,2026-09-08T00:12:09.038114+00:00,0.5319631000002119,0,20260908T001208-503797Z-b-fe57c9.sh,20260908T001208-503797Z-b-fe57c9.stdout.txt,20260908T001208-503797Z-b-fe57c9.stderr.txt
20260908T001209-039091Z-b-4de7eb,isolation-after-reboot,b,mesh,2026-09-08T00:12:09.041041+00:00,2026-09-08T00:12:09.454236+00:00,0.41266670000004524,0,20260908T001209-039091Z-b-4de7eb.sh,20260908T001209-039091Z-b-4de7eb.stdout.txt,20260908T001209-039091Z-b-4de7eb.stderr.txt
20260908T001209-456185Z-c-38c482,isolation-after-reboot,c,mesh,2026-09-08T00:12:09.457163+00:00,2026-09-08T00:12:09.930954+00:00,0.4730440000003,0,20260908T001209-456185Z-c-38c482.sh,20260908T001209-456185Z-c-38c482.stdout.txt,20260908T001209-456185Z-c-38c482.stderr.txt
20260908T001209-932907Z-a-30dc20,mesh-mac-after-reboot,a,mesh,2026-09-08T00:12:09.932907+00:00,2026-09-08T00:12:10.188972+00:00,0.2553459999999177,0,20260908T001209-932907Z-a-30dc20.sh,20260908T001209-932907Z-a-30dc20.stdout.txt,20260908T001209-932907Z-a-30dc20.stderr.txt
20260908T001210-191904Z-a-b6316c,identify-regtest,a,mesh,2026-09-08T00:12:10.191904+00:00,2026-09-08T00:12:10.538663+00:00,0.34659759999885864,0,20260908T001210-191904Z-a-b6316c.sh,20260908T001210-191904Z-a-b6316c.stdout.txt,20260908T001210-191904Z-a-b6316c.stderr.txt
20260908T001210-541592Z-b-e7f4ad,identify-regtest,b,mesh,2026-09-08T00:12:10.542571+00:00,2026-09-08T00:12:11.017780+00:00,0.474983300000531,0,20260908T001210-541592Z-b-e7f4ad.sh,20260908T001210-541592Z-b-e7f4ad.stdout.txt,20260908T001210-541592Z-b-e7f4ad.stderr.txt
20260908T001211-018755Z-c-9344f7,identify-regtest,c,mesh,2026-09-08T00:12:11.019733+00:00,2026-09-08T00:12:11.514937+00:00,0.4945170999999391,0,20260908T001211-018755Z-c-9344f7.sh,20260908T001211-018755Z-c-9344f7.stdout.txt,20260908T001211-018755Z-c-9344f7.stderr.txt
20260908T001211-516889Z-a-b06c3d,getblockchaininfo,a,mesh,2026-09-08T00:12:11.517870+00:00,2026-09-08T00:12:11.770950+00:00,0.2525848000004771,0,20260908T001211-516889Z-a-b06c3d.sh,20260908T001211-516889Z-a-b06c3d.stdout.txt,20260908T001211-516889Z-a-b06c3d.stderr.txt
20260908T001211-772902Z-c-c2ef1a,addinvoice,c,mesh,2026-09-08T00:12:11.773881+00:00,2026-09-08T00:12:12.240926+00:00,0.4667457999985345,0,20260908T001211-772902Z-c-c2ef1a.sh,20260908T001211-772902Z-c-c2ef1a.stdout.txt,20260908T001211-772902Z-c-c2ef1a.stderr.txt
20260908T001212-241905Z-b-2f241b,payment-post-reboot-functional-check-b-c-1,b,mesh,2026-09-08T00:12:12.241905+00:00,2026-09-08T00:12:13.045562+00:00,0.8028040000008332,0,20260908T001212-241905Z-b-2f241b.sh,20260908T001212-241905Z-b-2f241b.stdout.txt,20260908T001212-241905Z-b-2f241b.stderr.txt
20260908T001213-046543Z-c-fd3df0,lookupinvoice,c,mesh,2026-09-08T00:12:13.047518+00:00,2026-09-08T00:12:13.518208+00:00,0.47072169999955804,0,20260908T001213-046543Z-c-fd3df0.sh,20260908T001213-046543Z-c-fd3df0.stdout.txt,20260908T001213-046543Z-c-fd3df0.stderr.txt
20260908T001213-520162Z-a-3d6209,walletbalance,a,mesh,2026-09-08T00:12:13.520162+00:00,2026-09-08T00:12:15.003495+00:00,1.482458599999518,0,20260908T001213-520162Z-a-3d6209.sh,20260908T001213-520162Z-a-3d6209.stdout.txt,20260908T001213-520162Z-a-3d6209.stderr.txt
20260908T001215-005448Z-a-3b0570,channelbalance,a,mesh,2026-09-08T00:12:15.006425+00:00,2026-09-08T00:12:15.290805+00:00,0.28434030000062194,0,20260908T001215-005448Z-a-3b0570.sh,20260908T001215-005448Z-a-3b0570.stdout.txt,20260908T001215-005448Z-a-3b0570.stderr.txt
20260908T001215-292758Z-a-d3e0c9,listchannels,a,mesh,2026-09-08T00:12:15.293737+00:00,2026-09-08T00:12:18.247277+00:00,2.9536415000002307,0,20260908T001215-292758Z-a-d3e0c9.sh,20260908T001215-292758Z-a-d3e0c9.stdout.txt,20260908T001215-292758Z-a-d3e0c9.stderr.txt
20260908T001218-248253Z-a-e99aeb,pendingchannels,a,mesh,2026-09-08T00:12:18.250205+00:00,2026-09-08T00:12:18.548036+00:00,0.29770099999950617,0,20260908T001218-248253Z-a-e99aeb.sh,20260908T001218-248253Z-a-e99aeb.stdout.txt,20260908T001218-248253Z-a-e99aeb.stderr.txt
20260908T001218-549990Z-a-470124,getinfo,a,mesh,2026-09-08T00:12:18.550965+00:00,2026-09-08T00:12:18.865399+00:00,0.31468560000030266,0,20260908T001218-549990Z-a-470124.sh,20260908T001218-549990Z-a-470124.stdout.txt,20260908T001218-549990Z-a-470124.stderr.txt
20260908T001218-868327Z-b-429952,walletbalance,b,mesh,2026-09-08T00:12:18.869307+00:00,2026-09-08T00:12:20.495699+00:00,1.626499199999671,0,20260908T001218-868327Z-b-429952.sh,20260908T001218-868327Z-b-429952.stdout.txt,20260908T001218-868327Z-b-429952.stderr.txt
20260908T001220-497652Z-b-4cb6dc,channelbalance,b,mesh,2026-09-08T00:12:20.497652+00:00,2026-09-08T00:12:21.004586+00:00,0.5066848000005848,0,20260908T001220-497652Z-b-4cb6dc.sh,20260908T001220-497652Z-b-4cb6dc.stdout.txt,20260908T001220-497652Z-b-4cb6dc.stderr.txt
20260908T001221-007515Z-b-5c1eda,listchannels,b,mesh,2026-09-08T00:12:21.007515+00:00,2026-09-08T00:12:21.501746+00:00,0.4933677999997599,0,20260908T001221-007515Z-b-5c1eda.sh,20260908T001221-007515Z-b-5c1eda.stdout.txt,20260908T001221-007515Z-b-5c1eda.stderr.txt
20260908T001221-503700Z-b-be8cde,pendingchannels,b,mesh,2026-09-08T00:12:21.504678+00:00,2026-09-08T00:12:22.007300+00:00,0.5016546000006201,0,20260908T001221-503700Z-b-be8cde.sh,20260908T001221-503700Z-b-be8cde.stdout.txt,20260908T001221-503700Z-b-be8cde.stderr.txt
20260908T001222-008277Z-b-82324f,getinfo,b,mesh,2026-09-08T00:12:22.008277+00:00,2026-09-08T00:12:22.501676+00:00,0.49293089999991935,0,20260908T001222-008277Z-b-82324f.sh,20260908T001222-008277Z-b-82324f.stdout.txt,20260908T001222-008277Z-b-82324f.stderr.txt
20260908T001222-504603Z-c-8bdf20,walletbalance,c,mesh,2026-09-08T00:12:22.504603+00:00,2026-09-08T00:12:24.138906+00:00,1.6337702000000718,0,20260908T001222-504603Z-c-8bdf20.sh,20260908T001222-504603Z-c-8bdf20.stdout.txt,20260908T001222-504603Z-c-8bdf20.stderr.txt
20260908T001224-139883Z-c-48dfab,channelbalance,c,mesh,2026-09-08T00:12:24.140860+00:00,2026-09-08T00:12:24.652546+00:00,0.5112449999996898,0,20260908T001224-139883Z-c-48dfab.sh,20260908T001224-139883Z-c-48dfab.stdout.txt,20260908T001224-139883Z-c-48dfab.stderr.txt
20260908T001224-653520Z-c-9d7fe3,listchannels,c,mesh,2026-09-08T00:12:24.654495+00:00,2026-09-08T00:12:25.164474+00:00,0.5099783999994543,0,20260908T001224-653520Z-c-9d7fe3.sh,20260908T001224-653520Z-c-9d7fe3.stdout.txt,20260908T001224-653520Z-c-9d7fe3.stderr.txt
20260908T001225-165451Z-c-6a4b2b,pendingchannels,c,mesh,2026-09-08T00:12:25.166425+00:00,2026-09-08T00:12:28.372269+00:00,3.20618420000028,0,20260908T001225-165451Z-c-6a4b2b.sh,20260908T001225-165451Z-c-6a4b2b.stdout.txt,20260908T001225-165451Z-c-6a4b2b.stderr.txt
20260908T001228-374222Z-c-495570,getinfo,c,mesh,2026-09-08T00:12:28.374222+00:00,2026-09-08T00:12:28.839061+00:00,0.4647063000011258,0,20260908T001228-374222Z-c-495570.sh,20260908T001228-374222Z-c-495570.stdout.txt,20260908T001228-374222Z-c-495570.stderr.txt
20260908T001340-290185Z-a-b748d8,final-host-metadata,a,mesh,2026-09-08T00:13:40.291162+00:00,2026-09-08T00:13:41.556796+00:00,1.2656719000005978,0,20260908T001340-290185Z-a-b748d8.sh,20260908T001340-290185Z-a-b748d8.stdout.txt,20260908T001340-290185Z-a-b748d8.stderr.txt
20260908T001341-558751Z-a-a92d88,clock-bracket,a,mesh,2026-09-08T00:13:41.558751+00:00,2026-09-08T00:13:41.742048+00:00,0.18245070000011765,0,20260908T001341-558751Z-a-a92d88.sh,20260908T001341-558751Z-a-a92d88.stdout.txt,20260908T001341-558751Z-a-a92d88.stderr.txt
20260908T001341-743024Z-a-607274,clock-bracket,a,mesh,2026-09-08T00:13:41.744004+00:00,2026-09-08T00:13:41.921341+00:00,0.1769678999989992,0,20260908T001341-743024Z-a-607274.sh,20260908T001341-743024Z-a-607274.stdout.txt,20260908T001341-743024Z-a-607274.stderr.txt
20260908T001341-923295Z-a-b2e12c,clock-bracket,a,mesh,2026-09-08T00:13:41.923295+00:00,2026-09-08T00:13:42.105000+00:00,0.1813047000014194,0,20260908T001341-923295Z-a-b2e12c.sh,20260908T001341-923295Z-a-b2e12c.stdout.txt,20260908T001341-923295Z-a-b2e12c.stderr.txt
20260908T001340-141921Z-a-44c509,verify-confirmed-revoked-transaction,a,mesh,2026-09-08T00:13:40.142901+00:00,2026-09-08T00:13:43.075240+00:00,2.931271800000104,0,20260908T001340-141921Z-a-44c509.sh,20260908T001340-141921Z-a-44c509.stdout.txt,20260908T001340-141921Z-a-44c509.stderr.txt
20260908T001343-076217Z-a-291d2b,verify-confirmed-justice-transaction,a,mesh,2026-09-08T00:13:43.076217+00:00,2026-09-08T00:13:43.340850+00:00,0.26367150000078254,0,20260908T001343-076217Z-a-291d2b.sh,20260908T001343-076217Z-a-291d2b.stdout.txt,20260908T001343-076217Z-a-291d2b.stderr.txt
20260908T001342-105975Z-b-0f5b1b,final-host-metadata,b,mesh,2026-09-08T00:13:42.107928+00:00,2026-09-08T00:13:43.469746+00:00,1.3619930000004388,0,20260908T001342-105975Z-b-0f5b1b.sh,20260908T001342-105975Z-b-0f5b1b.stdout.txt,20260908T001342-105975Z-b-0f5b1b.stderr.txt
20260908T001343-472675Z-b-457fbf,clock-bracket,b,mesh,2026-09-08T00:13:43.473652+00:00,2026-09-08T00:13:43.813475+00:00,0.33965229999921576,0,20260908T001343-472675Z-b-457fbf.sh,20260908T001343-472675Z-b-457fbf.stdout.txt,20260908T001343-472675Z-b-457fbf.stderr.txt
20260908T001343-342803Z-c-e0eb7f,disposable-node-remains-stopped,c,mesh,2026-09-08T00:13:43.343778+00:00,2026-09-08T00:13:43.865229+00:00,0.5213381000012305,0,20260908T001343-342803Z-c-e0eb7f.sh,20260908T001343-342803Z-c-e0eb7f.stdout.txt,20260908T001343-342803Z-c-e0eb7f.stderr.txt
20260908T001343-881829Z-a-97c61c,source-bash-syntax,a,mesh,2026-09-08T00:13:43.882805+00:00,2026-09-08T00:13:44.063839+00:00,0.18011619999924733,0,20260908T001343-881829Z-a-97c61c.sh,20260908T001343-881829Z-a-97c61c.stdout.txt,20260908T001343-881829Z-a-97c61c.stderr.txt
20260908T001343-814451Z-b-001265,clock-bracket,b,mesh,2026-09-08T00:13:43.815429+00:00,2026-09-08T00:13:44.182970+00:00,0.36732560000018566,0,20260908T001343-814451Z-b-001265.sh,20260908T001343-814451Z-b-001265.stdout.txt,20260908T001343-814451Z-b-001265.stderr.txt
20260908T001344-183948Z-b-42e9ef,clock-bracket,b,mesh,2026-09-08T00:13:44.184921+00:00,2026-09-08T00:13:44.555992+00:00,0.37081380000017816,0,20260908T001344-183948Z-b-42e9ef.sh,20260908T001344-183948Z-b-42e9ef.stdout.txt,20260908T001344-183948Z-b-42e9ef.stderr.txt
20260908T001344-558921Z-c-7d809f,final-host-metadata,c,mesh,2026-09-08T00:13:44.558921+00:00,2026-09-08T00:13:45.914073+00:00,1.3541268999997556,0,20260908T001344-558921Z-c-7d809f.sh,20260908T001344-558921Z-c-7d809f.stdout.txt,20260908T001344-558921Z-c-7d809f.stderr.txt
20260908T001345-915051Z-c-7f889f,clock-bracket,c,mesh,2026-09-08T00:13:45.915051+00:00,2026-09-08T00:13:46.270603+00:00,0.35512179999932414,0,20260908T001345-915051Z-c-7f889f.sh,20260908T001345-915051Z-c-7f889f.stdout.txt,20260908T001345-915051Z-c-7f889f.stderr.txt
20260908T001346-271579Z-c-c5a877,clock-bracket,c,mesh,2026-09-08T00:13:46.272557+00:00,2026-09-08T00:13:46.645377+00:00,0.37305250000099477,0,20260908T001346-271579Z-c-c5a877.sh,20260908T001346-271579Z-c-c5a877.stdout.txt,20260908T001346-271579Z-c-c5a877.stderr.txt
20260908T001346-647331Z-c-6d96f1,clock-bracket,c,mesh,2026-09-08T00:13:46.647331+00:00,2026-09-08T00:13:46.987331+00:00,0.3399824999996781,0,20260908T001346-647331Z-c-6d96f1.sh,20260908T001346-647331Z-c-6d96f1.stdout.txt,20260908T001346-647331Z-c-6d96f1.stderr.txt
20260908T001533-406635Z-a-913d64,verify-confirmed-revoked-transaction,a,mesh,2026-09-08T00:15:33.406635+00:00,2026-09-08T00:15:36.396474+00:00,2.9884382000000187,0,20260908T001533-406635Z-a-913d64.sh,20260908T001533-406635Z-a-913d64.stdout.txt,20260908T001533-406635Z-a-913d64.stderr.txt
20260908T001536-397452Z-a-1060a8,verify-confirmed-justice-transaction,a,mesh,2026-09-08T00:15:36.398426+00:00,2026-09-08T00:15:36.664168+00:00,0.2659683000001678,0,20260908T001536-397452Z-a-1060a8.sh,20260908T001536-397452Z-a-1060a8.stdout.txt,20260908T001536-397452Z-a-1060a8.stderr.txt
20260908T001536-666121Z-c-03fce3,disposable-node-remains-stopped,c,mesh,2026-09-08T00:15:36.666121+00:00,2026-09-08T00:15:37.165226+00:00,0.498233700000128,0,20260908T001536-666121Z-c-03fce3.sh,20260908T001536-666121Z-c-03fce3.stdout.txt,20260908T001536-666121Z-c-03fce3.stderr.txt
20260908T001537-179876Z-a-2ae6f6,source-bash-syntax,a,mesh,2026-09-08T00:15:37.182801+00:00,2026-09-08T00:15:37.359549+00:00,0.17550800000026356,0,20260908T001537-179876Z-a-2ae6f6.sh,20260908T001537-179876Z-a-2ae6f6.stdout.txt,20260908T001537-179876Z-a-2ae6f6.stderr.txt
